694a4a01-56e0-494a-b030-0d2757edb4c1	3.31501120759962	9ced877c-497e-45b6-9549-562c758e00fa	1	5	75	1
694a4a01-56e0-494a-b030-0d2757edb4c1	3.31501120759962	eefed63b-8eeb-431b-bb50-63c25798ea83	1.5	3.5	75	1
eefed63b-8eeb-431b-bb50-63c25798ea83	3.29338208820416	eefed63b-8eeb-431b-bb50-63c25798ea83	1.5	3.5	100	1
64c7b186-de40-4cad-a1f6-dffe7142c990	3.24356860916827	9ced877c-497e-45b6-9549-562c758e00fa	1	5	100	1
9ced877c-497e-45b6-9549-562c758e00fa	3.20859778023696	9ced877c-497e-45b6-9549-562c758e00fa	1	5	100	1
8d1e7ea2-26e3-4693-ac85-0c975dac9448	2.86266592945946	d86aef28-5ee7-4fd9-9a9b-de8cc06c4557	2.5	3.25	75	1
debd54b6-d961-4098-9292-c51a80caefb2	2.74989460666599	686509c1-fdca-4255-95fa-005b4947a0d1	2.25	4.25	75	1
debd54b6-d961-4098-9292-c51a80caefb2	2.74989460666599	d86aef28-5ee7-4fd9-9a9b-de8cc06c4557	2.5	3.25	100	1
bc4301e9-9b45-4464-81af-2f180218a093	2.71561687635136	686509c1-fdca-4255-95fa-005b4947a0d1	2.25	4.25	100	1
bc4301e9-9b45-4464-81af-2f180218a093	2.71561687635136	21bb91af-fb89-4f9b-a2ac-be9e84807e6d	2	4.75	75	1
bc4301e9-9b45-4464-81af-2f180218a093	2.71561687635136	d86aef28-5ee7-4fd9-9a9b-de8cc06c4557	2.5	3.25	75	1
694a4a01-56e0-494a-b030-0d2757edb4c1	3.44207410457558	694a4a01-56e0-494a-b030-0d2757edb4c1	1.25	5	100	2
694a4a01-56e0-494a-b030-0d2757edb4c1	3.44207410457558	eefed63b-8eeb-431b-bb50-63c25798ea83	1.5	4.25	75	2
eefed63b-8eeb-431b-bb50-63c25798ea83	3.41961593988656	694a4a01-56e0-494a-b030-0d2757edb4c1	1.25	5	75	2
eefed63b-8eeb-431b-bb50-63c25798ea83	3.41961593988656	eefed63b-8eeb-431b-bb50-63c25798ea83	1.5	4.25	100	2
64c7b186-de40-4cad-a1f6-dffe7142c990	3.36789313276184	694a4a01-56e0-494a-b030-0d2757edb4c1	1.25	5	75	2
9ced877c-497e-45b6-9549-562c758e00fa	3.33158189071862	694a4a01-56e0-494a-b030-0d2757edb4c1	1.25	5	75	2
a41e2539-2194-4da3-8618-b1f5c7410576	3.25614595260568	8d1e7ea2-26e3-4693-ac85-0c975dac9448	2.75	5	75	2
20c132ad-0c7c-41bf-a35c-5a95fa87892a	2.97842191226105	20c132ad-0c7c-41bf-a35c-5a95fa87892a	3.5	3.75	100	2
8d1e7ea2-26e3-4693-ac85-0c975dac9448	2.97239062107269	8d1e7ea2-26e3-4693-ac85-0c975dac9448	2.75	5	100	2
debd54b6-d961-4098-9292-c51a80caefb2	2.85529682765608	8d1e7ea2-26e3-4693-ac85-0c975dac9448	2.75	5	75	2
bc4301e9-9b45-4464-81af-2f180218a093	2.8197052445798	21bb91af-fb89-4f9b-a2ac-be9e84807e6d	2	4	75	2
694a4a01-56e0-494a-b030-0d2757edb4c1	3.87372560665059	61fdf88b-1db1-463f-baeb-848a9a1f815d	1.5	5	75	3
694a4a01-56e0-494a-b030-0d2757edb4c1	3.87372560665059	694a4a01-56e0-494a-b030-0d2757edb4c1	1.25	5	100	3
eefed63b-8eeb-431b-bb50-63c25798ea83	3.84845109481294	61fdf88b-1db1-463f-baeb-848a9a1f815d	1.5	5	100	3
eefed63b-8eeb-431b-bb50-63c25798ea83	3.84845109481294	694a4a01-56e0-494a-b030-0d2757edb4c1	1.25	5	75	3
64c7b186-de40-4cad-a1f6-dffe7142c990	3.79024202146662	694a4a01-56e0-494a-b030-0d2757edb4c1	1.25	5	75	3
9ced877c-497e-45b6-9549-562c758e00fa	3.74937718456305	694a4a01-56e0-494a-b030-0d2757edb4c1	1.25	5	75	3
20c132ad-0c7c-41bf-a35c-5a95fa87892a	3.35192936192193	20c132ad-0c7c-41bf-a35c-5a95fa87892a	3.5	5	100	3
debd54b6-d961-4098-9292-c51a80caefb2	3.2133638438939	bc4301e9-9b45-4464-81af-2f180218a093	2.25	4.5	75	3
bc4301e9-9b45-4464-81af-2f180218a093	3.17330891927808	bc4301e9-9b45-4464-81af-2f180218a093	2.25	4.5	100	3
bc4301e9-9b45-4464-81af-2f180218a093	3.17330891927808	76a55b6c-21bd-4ce7-b9c7-dd3ae6340804	2	4.75	75	3
694a4a01-56e0-494a-b030-0d2757edb4c1	3.39300868463818	eefed63b-8eeb-431b-bb50-63c25798ea83	1.5	5	75	4
eefed63b-8eeb-431b-bb50-63c25798ea83	3.37087065520218	eefed63b-8eeb-431b-bb50-63c25798ea83	1.5	5	100	4
a41e2539-2194-4da3-8618-b1f5c7410576	3.20973087068005	68171ad7-2b47-4d86-b0bc-1cd6ad9b6cba	2.75	4.25	75	4
a41e2539-2194-4da3-8618-b1f5c7410576	3.20973087068005	8d1e7ea2-26e3-4693-ac85-0c975dac9448	2.75	5	75	4
8d1e7ea2-26e3-4693-ac85-0c975dac9448	2.93002036445967	68171ad7-2b47-4d86-b0bc-1cd6ad9b6cba	2.75	4.25	100	4
8d1e7ea2-26e3-4693-ac85-0c975dac9448	2.93002036445967	8d1e7ea2-26e3-4693-ac85-0c975dac9448	2.75	5	100	4
debd54b6-d961-4098-9292-c51a80caefb2	2.81459569291894	68171ad7-2b47-4d86-b0bc-1cd6ad9b6cba	2.75	4.25	75	4
debd54b6-d961-4098-9292-c51a80caefb2	2.81459569291894	bc4301e9-9b45-4464-81af-2f180218a093	2.25	4	75	4
debd54b6-d961-4098-9292-c51a80caefb2	2.81459569291894	8d1e7ea2-26e3-4693-ac85-0c975dac9448	2.75	5	75	4
bc4301e9-9b45-4464-81af-2f180218a093	2.77951145754092	bc4301e9-9b45-4464-81af-2f180218a093	2.25	4	100	4
694a4a01-56e0-494a-b030-0d2757edb4c1	3.68780307712656	61fdf88b-1db1-463f-baeb-848a9a1f815d	1.5	3.75	75	5
694a4a01-56e0-494a-b030-0d2757edb4c1	3.68780307712656	9ced877c-497e-45b6-9549-562c758e00fa	1	5	75	5
eefed63b-8eeb-431b-bb50-63c25798ea83	3.66374164014511	61fdf88b-1db1-463f-baeb-848a9a1f815d	1.5	3.75	100	5
64c7b186-de40-4cad-a1f6-dffe7142c990	3.60832635701339	9ced877c-497e-45b6-9549-562c758e00fa	1	5	100	5
9ced877c-497e-45b6-9549-562c758e00fa	3.56942284692094	9ced877c-497e-45b6-9549-562c758e00fa	1	5	100	5
a41e2539-2194-4da3-8618-b1f5c7410576	3.48860156242583	a41e2539-2194-4da3-8618-b1f5c7410576	3	5	100	5
8d1e7ea2-26e3-4693-ac85-0c975dac9448	3.18458899630914	a41e2539-2194-4da3-8618-b1f5c7410576	3	5	75	5
8d1e7ea2-26e3-4693-ac85-0c975dac9448	3.18458899630914	d86aef28-5ee7-4fd9-9a9b-de8cc06c4557	2.5	4	75	5
debd54b6-d961-4098-9292-c51a80caefb2	3.05913590255617	d86aef28-5ee7-4fd9-9a9b-de8cc06c4557	2.5	4	100	5
debd54b6-d961-4098-9292-c51a80caefb2	3.05913590255617	79d48cba-971b-453e-8c5c-8c2bcade78a0	2.25	5	75	5
bc4301e9-9b45-4464-81af-2f180218a093	3.02100344666095	d86aef28-5ee7-4fd9-9a9b-de8cc06c4557	2.5	4	75	5
bc4301e9-9b45-4464-81af-2f180218a093	3.02100344666095	79d48cba-971b-453e-8c5c-8c2bcade78a0	2.25	5	100	5
694a4a01-56e0-494a-b030-0d2757edb4c1	3.03412604884997	61fdf88b-1db1-463f-baeb-848a9a1f815d	1.5	2.25	75	6
eefed63b-8eeb-431b-bb50-63c25798ea83	3.01432958575227	61fdf88b-1db1-463f-baeb-848a9a1f815d	1.5	2.25	100	6
a41e2539-2194-4da3-8618-b1f5c7410576	2.87023375748624	f13bb7bb-9260-4400-affa-377c7236cda2	3.25	3.5	75	6
20c132ad-0c7c-41bf-a35c-5a95fa87892a	2.625425034923	f13bb7bb-9260-4400-affa-377c7236cda2	3.25	3.5	75	6
20c132ad-0c7c-41bf-a35c-5a95fa87892a	2.625425034923	20c132ad-0c7c-41bf-a35c-5a95fa87892a	3.5	4	100	6
8d1e7ea2-26e3-4693-ac85-0c975dac9448	2.62010856832619	debd54b6-d961-4098-9292-c51a80caefb2	2.5	4	75	6
debd54b6-d961-4098-9292-c51a80caefb2	2.51689250450994	debd54b6-d961-4098-9292-c51a80caefb2	2.5	4	100	6
bc4301e9-9b45-4464-81af-2f180218a093	2.48551917029477	debd54b6-d961-4098-9292-c51a80caefb2	2.5	4	75	6
694a4a01-56e0-494a-b030-0d2757edb4c1	2.80900231988529	9ced877c-497e-45b6-9549-562c758e00fa	1	4.25	75	7
64c7b186-de40-4cad-a1f6-dffe7142c990	2.74846483066223	9ced877c-497e-45b6-9549-562c758e00fa	1	4.25	100	7
9ced877c-497e-45b6-9549-562c758e00fa	2.71883198716853	9ced877c-497e-45b6-9549-562c758e00fa	1	4.25	100	7
debd54b6-d961-4098-9292-c51a80caefb2	2.33014604490098	686509c1-fdca-4255-95fa-005b4947a0d1	2.25	4.5	75	7
bc4301e9-9b45-4464-81af-2f180218a093	2.30110053102611	686509c1-fdca-4255-95fa-005b4947a0d1	2.25	4.5	100	7
694a4a01-56e0-494a-b030-0d2757edb4c1	3.63733580005578	61fdf88b-1db1-463f-baeb-848a9a1f815d	1.5	4.75	75	8
694a4a01-56e0-494a-b030-0d2757edb4c1	3.63733580005578	eefed63b-8eeb-431b-bb50-63c25798ea83	1.5	3.25	75	8
eefed63b-8eeb-431b-bb50-63c25798ea83	3.61360364416704	61fdf88b-1db1-463f-baeb-848a9a1f815d	1.5	4.75	100	8
eefed63b-8eeb-431b-bb50-63c25798ea83	3.61360364416704	eefed63b-8eeb-431b-bb50-63c25798ea83	1.5	3.25	100	8
a41e2539-2194-4da3-8618-b1f5c7410576	3.440860348949	8d1e7ea2-26e3-4693-ac85-0c975dac9448	2.75	5	75	8
8d1e7ea2-26e3-4693-ac85-0c975dac9448	3.14100816656617	8d1e7ea2-26e3-4693-ac85-0c975dac9448	2.75	5	100	8
debd54b6-d961-4098-9292-c51a80caefb2	3.01727187491398	534235e5-91a6-4d11-b984-96ff5932c823	2.25	5	75	8
debd54b6-d961-4098-9292-c51a80caefb2	3.01727187491398	8d1e7ea2-26e3-4693-ac85-0c975dac9448	2.75	5	75	8
bc4301e9-9b45-4464-81af-2f180218a093	2.97966126491772	534235e5-91a6-4d11-b984-96ff5932c823	2.25	5	100	8
694a4a01-56e0-494a-b030-0d2757edb4c1	3.5544396461182	eefed63b-8eeb-431b-bb50-63c25798ea83	1.5	5	75	9
eefed63b-8eeb-431b-bb50-63c25798ea83	3.53124835209448	eefed63b-8eeb-431b-bb50-63c25798ea83	1.5	5	100	9
a41e2539-2194-4da3-8618-b1f5c7410576	3.36244193236736	a41e2539-2194-4da3-8618-b1f5c7410576	3	5	100	9
a41e2539-2194-4da3-8618-b1f5c7410576	3.36244193236736	f13bb7bb-9260-4400-affa-377c7236cda2	3.25	1.75	75	9
a41e2539-2194-4da3-8618-b1f5c7410576	3.36244193236736	8d1e7ea2-26e3-4693-ac85-0c975dac9448	2.75	5	75	9
20c132ad-0c7c-41bf-a35c-5a95fa87892a	3.07565166539122	f13bb7bb-9260-4400-affa-377c7236cda2	3.25	1.75	75	9
20c132ad-0c7c-41bf-a35c-5a95fa87892a	3.07565166539122	20c132ad-0c7c-41bf-a35c-5a95fa87892a	3.5	5	100	9
8d1e7ea2-26e3-4693-ac85-0c975dac9448	3.06942349090608	a41e2539-2194-4da3-8618-b1f5c7410576	3	5	75	9
8d1e7ea2-26e3-4693-ac85-0c975dac9448	3.06942349090608	8d1e7ea2-26e3-4693-ac85-0c975dac9448	2.75	5	100	9
debd54b6-d961-4098-9292-c51a80caefb2	2.9485071996515	8d1e7ea2-26e3-4693-ac85-0c975dac9448	2.75	5	75	9
20c132ad-0c7c-41bf-a35c-5a95fa87892a	1.74664461487459	20c132ad-0c7c-41bf-a35c-5a95fa87892a	3.5	3	100	10
8d1e7ea2-26e3-4693-ac85-0c975dac9448	1.74310767091878	d86aef28-5ee7-4fd9-9a9b-de8cc06c4557	2.5	3.75	75	10
debd54b6-d961-4098-9292-c51a80caefb2	1.67444001552129	d86aef28-5ee7-4fd9-9a9b-de8cc06c4557	2.5	3.75	100	10
debd54b6-d961-4098-9292-c51a80caefb2	1.67444001552129	534235e5-91a6-4d11-b984-96ff5932c823	2.25	1.25	75	10
bc4301e9-9b45-4464-81af-2f180218a093	1.65356794159067	21bb91af-fb89-4f9b-a2ac-be9e84807e6d	2	3	75	10
bc4301e9-9b45-4464-81af-2f180218a093	1.65356794159067	d86aef28-5ee7-4fd9-9a9b-de8cc06c4557	2.5	3.75	75	10
bc4301e9-9b45-4464-81af-2f180218a093	1.65356794159067	534235e5-91a6-4d11-b984-96ff5932c823	2.25	1.25	100	10
0793712a-8c2c-416b-9080-6c70e46664cb	1.63982815909793	0793712a-8c2c-416b-9080-6c70e46664cb	4.25	1.25	100	10
694a4a01-56e0-494a-b030-0d2757edb4c1	3.1677021856838	9ced877c-497e-45b6-9549-562c758e00fa	1	3.25	75	11
eefed63b-8eeb-431b-bb50-63c25798ea83	3.14703419660352	3b947680-2625-4e70-a715-5acf8491b309	1.75	3.75	75	11
64c7b186-de40-4cad-a1f6-dffe7142c990	3.09943427917928	9ced877c-497e-45b6-9549-562c758e00fa	1	3.25	100	11
9ced877c-497e-45b6-9549-562c758e00fa	3.06601744725133	9ced877c-497e-45b6-9549-562c758e00fa	1	3.25	100	11
a41e2539-2194-4da3-8618-b1f5c7410576	2.99659460260558	86f75337-2fd7-4ef8-9c35-e1035f5482e4	2.75	4.25	75	11
8d1e7ea2-26e3-4693-ac85-0c975dac9448	2.73545775664764	d86aef28-5ee7-4fd9-9a9b-de8cc06c4557	2.5	4	75	11
8d1e7ea2-26e3-4693-ac85-0c975dac9448	2.73545775664764	86f75337-2fd7-4ef8-9c35-e1035f5482e4	2.75	4.25	100	11
debd54b6-d961-4098-9292-c51a80caefb2	2.62769764884165	bc4301e9-9b45-4464-81af-2f180218a093	2.25	4.5	75	11
debd54b6-d961-4098-9292-c51a80caefb2	2.62769764884165	d86aef28-5ee7-4fd9-9a9b-de8cc06c4557	2.5	4	100	11
debd54b6-d961-4098-9292-c51a80caefb2	2.62769764884165	86f75337-2fd7-4ef8-9c35-e1035f5482e4	2.75	4.25	75	11
bc4301e9-9b45-4464-81af-2f180218a093	2.59494311634271	bc4301e9-9b45-4464-81af-2f180218a093	2.25	4.5	100	11
bc4301e9-9b45-4464-81af-2f180218a093	2.59494311634271	d86aef28-5ee7-4fd9-9a9b-de8cc06c4557	2.5	4	75	11
694a4a01-56e0-494a-b030-0d2757edb4c1	3.75398731702877	694a4a01-56e0-494a-b030-0d2757edb4c1	1.25	5	100	12
eefed63b-8eeb-431b-bb50-63c25798ea83	3.72949407121928	694a4a01-56e0-494a-b030-0d2757edb4c1	1.25	5	75	12
64c7b186-de40-4cad-a1f6-dffe7142c990	3.6730842432449	694a4a01-56e0-494a-b030-0d2757edb4c1	1.25	5	75	12
9ced877c-497e-45b6-9549-562c758e00fa	3.63348255116348	694a4a01-56e0-494a-b030-0d2757edb4c1	1.25	5	75	12
20c132ad-0c7c-41bf-a35c-5a95fa87892a	3.24831998717624	20c132ad-0c7c-41bf-a35c-5a95fa87892a	3.5	5	100	12
8d1e7ea2-26e3-4693-ac85-0c975dac9448	3.24174216041721	d86aef28-5ee7-4fd9-9a9b-de8cc06c4557	2.5	3.75	75	12
debd54b6-d961-4098-9292-c51a80caefb2	3.11403758085794	d86aef28-5ee7-4fd9-9a9b-de8cc06c4557	2.5	3.75	100	12
debd54b6-d961-4098-9292-c51a80caefb2	3.11403758085794	534235e5-91a6-4d11-b984-96ff5932c823	2.25	4.5	75	12
bc4301e9-9b45-4464-81af-2f180218a093	3.0752207681641	21bb91af-fb89-4f9b-a2ac-be9e84807e6d	2	4.75	75	12
bc4301e9-9b45-4464-81af-2f180218a093	3.0752207681641	d86aef28-5ee7-4fd9-9a9b-de8cc06c4557	2.5	3.75	75	12
bc4301e9-9b45-4464-81af-2f180218a093	3.0752207681641	534235e5-91a6-4d11-b984-96ff5932c823	2.25	4.5	100	12
694a4a01-56e0-494a-b030-0d2757edb4c1	3.77191542882928	694a4a01-56e0-494a-b030-0d2757edb4c1	1.25	5	100	13
eefed63b-8eeb-431b-bb50-63c25798ea83	3.74730519256964	694a4a01-56e0-494a-b030-0d2757edb4c1	1.25	5	75	13
64c7b186-de40-4cad-a1f6-dffe7142c990	3.69062597843476	694a4a01-56e0-494a-b030-0d2757edb4c1	1.25	5	75	13
9ced877c-497e-45b6-9549-562c758e00fa	3.65083515971792	694a4a01-56e0-494a-b030-0d2757edb4c1	1.25	5	75	13
debd54b6-d961-4098-9292-c51a80caefb2	3.12890945005508	79d48cba-971b-453e-8c5c-8c2bcade78a0	2.25	5	75	13
bc4301e9-9b45-4464-81af-2f180218a093	3.08990725905674	79d48cba-971b-453e-8c5c-8c2bcade78a0	2.25	5	100	13
bc4301e9-9b45-4464-81af-2f180218a093	3.08990725905674	76a55b6c-21bd-4ce7-b9c7-dd3ae6340804	2	4.75	75	13
0793712a-8c2c-416b-9080-6c70e46664cb	3.06423268428834	d6169755-eb0d-4ffe-8b01-397bf3e48f8b	4.5	3	75	13
694a4a01-56e0-494a-b030-0d2757edb4c1	3.24945540009544	9ced877c-497e-45b6-9549-562c758e00fa	1	3.25	75	14
694a4a01-56e0-494a-b030-0d2757edb4c1	3.24945540009544	75291c0b-2d30-401a-b568-6147335d88a5	1	5	75	14
64c7b186-de40-4cad-a1f6-dffe7142c990	3.17942561052939	9ced877c-497e-45b6-9549-562c758e00fa	1	3.25	100	14
64c7b186-de40-4cad-a1f6-dffe7142c990	3.17942561052939	75291c0b-2d30-401a-b568-6147335d88a5	1	5	100	14
9ced877c-497e-45b6-9549-562c758e00fa	3.14514634498138	9ced877c-497e-45b6-9549-562c758e00fa	1	3.25	100	14
9ced877c-497e-45b6-9549-562c758e00fa	3.14514634498138	75291c0b-2d30-401a-b568-6147335d88a5	1	5	100	14
20c132ad-0c7c-41bf-a35c-5a95fa87892a	2.81174922292502	c86f19a7-4709-4fee-a534-cbb721186c55	3.5	4.5	100	14
694a4a01-56e0-494a-b030-0d2757edb4c1	3.05040951710579	9ced877c-497e-45b6-9549-562c758e00fa	1	3	75	15
64c7b186-de40-4cad-a1f6-dffe7142c990	2.98466941204105	9ced877c-497e-45b6-9549-562c758e00fa	1	3	100	15
9ced877c-497e-45b6-9549-562c758e00fa	2.95248993711999	9ced877c-497e-45b6-9549-562c758e00fa	1	3	100	15
20c132ad-0c7c-41bf-a35c-5a95fa87892a	2.63951509659503	20c132ad-0c7c-41bf-a35c-5a95fa87892a	3.5	5	100	15
8d1e7ea2-26e3-4693-ac85-0c975dac9448	2.63417009803047	debd54b6-d961-4098-9292-c51a80caefb2	2.5	4	75	15
debd54b6-d961-4098-9292-c51a80caefb2	2.53040008894483	debd54b6-d961-4098-9292-c51a80caefb2	2.5	4	100	15
bc4301e9-9b45-4464-81af-2f180218a093	2.49885839016667	76a55b6c-21bd-4ce7-b9c7-dd3ae6340804	2	4.75	75	15
bc4301e9-9b45-4464-81af-2f180218a093	2.49885839016667	debd54b6-d961-4098-9292-c51a80caefb2	2.5	4	75	15
694a4a01-56e0-494a-b030-0d2757edb4c1	3.72712644541818	75291c0b-2d30-401a-b568-6147335d88a5	1	5	75	16
eefed63b-8eeb-431b-bb50-63c25798ea83	3.70280843909306	ff492b4b-9780-4b6a-8035-afafaf1a0b7b	1.75	4.25	75	16
64c7b186-de40-4cad-a1f6-dffe7142c990	3.64680225304799	75291c0b-2d30-401a-b568-6147335d88a5	1	5	100	16
9ced877c-497e-45b6-9549-562c758e00fa	3.6074839237771	75291c0b-2d30-401a-b568-6147335d88a5	1	5	100	16
debd54b6-d961-4098-9292-c51a80caefb2	3.09175573433295	79d48cba-971b-453e-8c5c-8c2bcade78a0	2.25	5	75	16
bc4301e9-9b45-4464-81af-2f180218a093	3.05321666841267	79d48cba-971b-453e-8c5c-8c2bcade78a0	2.25	5	100	16
694a4a01-56e0-494a-b030-0d2757edb4c1	3.44519216910176	9ced877c-497e-45b6-9549-562c758e00fa	1	5	75	17
694a4a01-56e0-494a-b030-0d2757edb4c1	3.44519216910176	eefed63b-8eeb-431b-bb50-63c25798ea83	1.5	3.25	75	17
eefed63b-8eeb-431b-bb50-63c25798ea83	3.42271368338468	eefed63b-8eeb-431b-bb50-63c25798ea83	1.5	3.25	100	17
64c7b186-de40-4cad-a1f6-dffe7142c990	3.37094400866368	9ced877c-497e-45b6-9549-562c758e00fa	1	5	100	17
9ced877c-497e-45b6-9549-562c758e00fa	3.33459986261307	9ced877c-497e-45b6-9549-562c758e00fa	1	5	100	17
a41e2539-2194-4da3-8618-b1f5c7410576	3.25909559923926	f13bb7bb-9260-4400-affa-377c7236cda2	3.25	3.75	75	17
20c132ad-0c7c-41bf-a35c-5a95fa87892a	2.98111997483082	f13bb7bb-9260-4400-affa-377c7236cda2	3.25	3.75	75	17
bc4301e9-9b45-4464-81af-2f180218a093	2.82225953573944	76a55b6c-21bd-4ce7-b9c7-dd3ae6340804	2	4.75	75	17
0793712a-8c2c-416b-9080-6c70e46664cb	2.79880889001575	0793712a-8c2c-416b-9080-6c70e46664cb	4.25	5	100	17
694a4a01-56e0-494a-b030-0d2757edb4c1	3.70603233194503	9ced877c-497e-45b6-9549-562c758e00fa	1	4.75	75	18
eefed63b-8eeb-431b-bb50-63c25798ea83	3.68185195752292	ff492b4b-9780-4b6a-8035-afafaf1a0b7b	1.75	4.75	75	18
64c7b186-de40-4cad-a1f6-dffe7142c990	3.62616274373574	9ced877c-497e-45b6-9549-562c758e00fa	1	4.75	100	18
9ced877c-497e-45b6-9549-562c758e00fa	3.58706694241447	9ced877c-497e-45b6-9549-562c758e00fa	1	4.75	100	18
a41e2539-2194-4da3-8618-b1f5c7410576	3.50584614090934	a41e2539-2194-4da3-8618-b1f5c7410576	3	5	100	18
20c132ad-0c7c-41bf-a35c-5a95fa87892a	3.20682460481377	c86f19a7-4709-4fee-a534-cbb721186c55	3.5	3.5	100	18
8d1e7ea2-26e3-4693-ac85-0c975dac9448	3.20033080631163	a41e2539-2194-4da3-8618-b1f5c7410576	3	5	75	18
8d1e7ea2-26e3-4693-ac85-0c975dac9448	3.20033080631163	debd54b6-d961-4098-9292-c51a80caefb2	2.5	5	75	18
debd54b6-d961-4098-9292-c51a80caefb2	3.07425757588045	debd54b6-d961-4098-9292-c51a80caefb2	2.5	5	100	18
bc4301e9-9b45-4464-81af-2f180218a093	3.03593662699738	debd54b6-d961-4098-9292-c51a80caefb2	2.5	5	75	18
694a4a01-56e0-494a-b030-0d2757edb4c1	3.41644997742938	694a4a01-56e0-494a-b030-0d2757edb4c1	1.25	5	100	19
694a4a01-56e0-494a-b030-0d2757edb4c1	3.41644997742938	eefed63b-8eeb-431b-bb50-63c25798ea83	1.5	4	75	19
eefed63b-8eeb-431b-bb50-63c25798ea83	3.39415900963695	694a4a01-56e0-494a-b030-0d2757edb4c1	1.25	5	75	19
eefed63b-8eeb-431b-bb50-63c25798ea83	3.39415900963695	eefed63b-8eeb-431b-bb50-63c25798ea83	1.5	4	100	19
64c7b186-de40-4cad-a1f6-dffe7142c990	3.34282124814327	694a4a01-56e0-494a-b030-0d2757edb4c1	1.25	5	75	19
9ced877c-497e-45b6-9549-562c758e00fa	3.30678031816452	694a4a01-56e0-494a-b030-0d2757edb4c1	1.25	5	75	19
bc4301e9-9b45-4464-81af-2f180218a093	2.79871428317341	21bb91af-fb89-4f9b-a2ac-be9e84807e6d	2	4.75	75	19
0793712a-8c2c-416b-9080-6c70e46664cb	2.77545928110689	0793712a-8c2c-416b-9080-6c70e46664cb	4.25	4.25	100	19
0793712a-8c2c-416b-9080-6c70e46664cb	2.77545928110689	d6169755-eb0d-4ffe-8b01-397bf3e48f8b	4.5	3.25	75	19
694a4a01-56e0-494a-b030-0d2757edb4c1	3.5340549841623	9ced877c-497e-45b6-9549-562c758e00fa	1	5	75	20
64c7b186-de40-4cad-a1f6-dffe7142c990	3.45789172105373	9ced877c-497e-45b6-9549-562c758e00fa	1	5	100	20
9ced877c-497e-45b6-9549-562c758e00fa	3.42061014817237	9ced877c-497e-45b6-9549-562c758e00fa	1	5	100	20
a41e2539-2194-4da3-8618-b1f5c7410576	3.34315837476323	a41e2539-2194-4da3-8618-b1f5c7410576	3	5	100	20
a41e2539-2194-4da3-8618-b1f5c7410576	3.34315837476323	f13bb7bb-9260-4400-affa-377c7236cda2	3.25	4.25	75	20
20c132ad-0c7c-41bf-a35c-5a95fa87892a	3.05801284603425	f13bb7bb-9260-4400-affa-377c7236cda2	3.25	4.25	75	20
20c132ad-0c7c-41bf-a35c-5a95fa87892a	3.05801284603425	37b95289-ea7b-4686-b2d2-7ab47fe22aec	3.75	3.75	75	20
8d1e7ea2-26e3-4693-ac85-0c975dac9448	3.05182038994587	a41e2539-2194-4da3-8618-b1f5c7410576	3	5	75	20
0793712a-8c2c-416b-9080-6c70e46664cb	2.87099936231923	d6169755-eb0d-4ffe-8b01-397bf3e48f8b	4.5	3	75	20
694a4a01-56e0-494a-b030-0d2757edb4c1	2.910463032695	9ced877c-497e-45b6-9549-562c758e00fa	1	4.75	75	21
64c7b186-de40-4cad-a1f6-dffe7142c990	2.84773892963317	9ced877c-497e-45b6-9549-562c758e00fa	1	4.75	100	21
9ced877c-497e-45b6-9549-562c758e00fa	2.81703578989091	9ced877c-497e-45b6-9549-562c758e00fa	1	4.75	100	21
a41e2539-2194-4da3-8618-b1f5c7410576	2.75325055495961	68171ad7-2b47-4d86-b0bc-1cd6ad9b6cba	2.75	4	75	21
8d1e7ea2-26e3-4693-ac85-0c975dac9448	2.51331979736658	68171ad7-2b47-4d86-b0bc-1cd6ad9b6cba	2.75	4	100	21
debd54b6-d961-4098-9292-c51a80caefb2	2.41431057538649	686509c1-fdca-4255-95fa-005b4947a0d1	2.25	2.5	75	21
debd54b6-d961-4098-9292-c51a80caefb2	2.41431057538649	68171ad7-2b47-4d86-b0bc-1cd6ad9b6cba	2.75	4	75	21
bc4301e9-9b45-4464-81af-2f180218a093	2.38421592212984	686509c1-fdca-4255-95fa-005b4947a0d1	2.25	2.5	100	21
0793712a-8c2c-416b-9080-6c70e46664cb	2.36440506168324	b47e7d4f-b0ca-48f0-97c5-cf61fe21295b	4.5	2.75	75	21
694a4a01-56e0-494a-b030-0d2757edb4c1	3.25922574686896	64c7b186-de40-4cad-a1f6-dffe7142c990	1	5	75	22
64c7b186-de40-4cad-a1f6-dffe7142c990	3.18898539423926	64c7b186-de40-4cad-a1f6-dffe7142c990	1	5	100	22
9ced877c-497e-45b6-9549-562c758e00fa	3.15460305906498	64c7b186-de40-4cad-a1f6-dffe7142c990	1	5	100	22
a41e2539-2194-4da3-8618-b1f5c7410576	3.08317439862806	f13bb7bb-9260-4400-affa-377c7236cda2	3.25	3	75	22
a41e2539-2194-4da3-8618-b1f5c7410576	3.08317439862806	86f75337-2fd7-4ef8-9c35-e1035f5482e4	2.75	3.75	75	22
20c132ad-0c7c-41bf-a35c-5a95fa87892a	2.82020349036516	f13bb7bb-9260-4400-affa-377c7236cda2	3.25	3	75	22
8d1e7ea2-26e3-4693-ac85-0c975dac9448	2.81449259668915	86f75337-2fd7-4ef8-9c35-e1035f5482e4	2.75	3.75	100	22
debd54b6-d961-4098-9292-c51a80caefb2	2.7036190051637	686509c1-fdca-4255-95fa-005b4947a0d1	2.25	3.5	75	22
debd54b6-d961-4098-9292-c51a80caefb2	2.7036190051637	86f75337-2fd7-4ef8-9c35-e1035f5482e4	2.75	3.75	75	22
debd54b6-d961-4098-9292-c51a80caefb2	2.7036190051637	79d48cba-971b-453e-8c5c-8c2bcade78a0	2.25	4.5	75	22
bc4301e9-9b45-4464-81af-2f180218a093	2.66991810508957	686509c1-fdca-4255-95fa-005b4947a0d1	2.25	3.5	100	22
bc4301e9-9b45-4464-81af-2f180218a093	2.66991810508957	79d48cba-971b-453e-8c5c-8c2bcade78a0	2.25	4.5	100	22
694a4a01-56e0-494a-b030-0d2757edb4c1	3.72872800881365	64c7b186-de40-4cad-a1f6-dffe7142c990	1	5	75	23
694a4a01-56e0-494a-b030-0d2757edb4c1	3.72872800881365	9ced877c-497e-45b6-9549-562c758e00fa	1	5	75	23
eefed63b-8eeb-431b-bb50-63c25798ea83	3.70439955303228	3b947680-2625-4e70-a715-5acf8491b309	1.75	4.75	75	23
64c7b186-de40-4cad-a1f6-dffe7142c990	3.64836930079701	64c7b186-de40-4cad-a1f6-dffe7142c990	1	5	100	23
64c7b186-de40-4cad-a1f6-dffe7142c990	3.64836930079701	9ced877c-497e-45b6-9549-562c758e00fa	1	5	100	23
9ced877c-497e-45b6-9549-562c758e00fa	3.60903407635263	64c7b186-de40-4cad-a1f6-dffe7142c990	1	5	100	23
9ced877c-497e-45b6-9549-562c758e00fa	3.60903407635263	9ced877c-497e-45b6-9549-562c758e00fa	1	5	100	23
debd54b6-d961-4098-9292-c51a80caefb2	3.09308427603919	bc4301e9-9b45-4464-81af-2f180218a093	2.25	4.75	75	23
bc4301e9-9b45-4464-81af-2f180218a093	3.05452864967476	bc4301e9-9b45-4464-81af-2f180218a093	2.25	4.75	100	23
694a4a01-56e0-494a-b030-0d2757edb4c1	3.80314771227896	eefed63b-8eeb-431b-bb50-63c25798ea83	1.5	5	75	24
eefed63b-8eeb-431b-bb50-63c25798ea83	3.77833369779401	3b947680-2625-4e70-a715-5acf8491b309	1.75	4	75	24
eefed63b-8eeb-431b-bb50-63c25798ea83	3.77833369779401	eefed63b-8eeb-431b-bb50-63c25798ea83	1.5	5	100	24
20c132ad-0c7c-41bf-a35c-5a95fa87892a	3.29085840822584	c86f19a7-4709-4fee-a534-cbb721186c55	3.5	4.5	100	24
debd54b6-d961-4098-9292-c51a80caefb2	3.15481750387247	bc4301e9-9b45-4464-81af-2f180218a093	2.25	5	75	24
bc4301e9-9b45-4464-81af-2f180218a093	3.11549236617584	bc4301e9-9b45-4464-81af-2f180218a093	2.25	5	100	24
694a4a01-56e0-494a-b030-0d2757edb4c1	2.97149893673552	eefed63b-8eeb-431b-bb50-63c25798ea83	1.5	5	75	25
eefed63b-8eeb-431b-bb50-63c25798ea83	2.95211109706698	eefed63b-8eeb-431b-bb50-63c25798ea83	1.5	5	100	25
8d1e7ea2-26e3-4693-ac85-0c975dac9448	2.5660271512206	d86aef28-5ee7-4fd9-9a9b-de8cc06c4557	2.5	4.25	75	25
8d1e7ea2-26e3-4693-ac85-0c975dac9448	2.5660271512206	debd54b6-d961-4098-9292-c51a80caefb2	2.5	3	75	25
debd54b6-d961-4098-9292-c51a80caefb2	2.46494156057629	d86aef28-5ee7-4fd9-9a9b-de8cc06c4557	2.5	4.25	100	25
debd54b6-d961-4098-9292-c51a80caefb2	2.46494156057629	debd54b6-d961-4098-9292-c51a80caefb2	2.5	3	100	25
bc4301e9-9b45-4464-81af-2f180218a093	2.43421580039983	d86aef28-5ee7-4fd9-9a9b-de8cc06c4557	2.5	4.25	75	25
bc4301e9-9b45-4464-81af-2f180218a093	2.43421580039983	debd54b6-d961-4098-9292-c51a80caefb2	2.5	3	75	25
0793712a-8c2c-416b-9080-6c70e46664cb	2.41398947954646	0793712a-8c2c-416b-9080-6c70e46664cb	4.25	3.5	100	25
694a4a01-56e0-494a-b030-0d2757edb4c1	3.63420016450919	694a4a01-56e0-494a-b030-0d2757edb4c1	1.25	5	100	26
eefed63b-8eeb-431b-bb50-63c25798ea83	3.61048848024771	694a4a01-56e0-494a-b030-0d2757edb4c1	1.25	5	75	26
64c7b186-de40-4cad-a1f6-dffe7142c990	3.55587865291199	694a4a01-56e0-494a-b030-0d2757edb4c1	1.25	5	75	26
9ced877c-497e-45b6-9549-562c758e00fa	3.51754062685657	694a4a01-56e0-494a-b030-0d2757edb4c1	1.25	5	75	26
a41e2539-2194-4da3-8618-b1f5c7410576	3.43789408738277	86f75337-2fd7-4ef8-9c35-e1035f5482e4	2.75	3	75	26
a41e2539-2194-4da3-8618-b1f5c7410576	3.43789408738277	8d1e7ea2-26e3-4693-ac85-0c975dac9448	2.75	5	75	26
8d1e7ea2-26e3-4693-ac85-0c975dac9448	3.13830040329992	86f75337-2fd7-4ef8-9c35-e1035f5482e4	2.75	3	100	26
8d1e7ea2-26e3-4693-ac85-0c975dac9448	3.13830040329992	8d1e7ea2-26e3-4693-ac85-0c975dac9448	2.75	5	100	26
8d1e7ea2-26e3-4693-ac85-0c975dac9448	3.13830040329992	debd54b6-d961-4098-9292-c51a80caefb2	2.5	5	75	26
debd54b6-d961-4098-9292-c51a80caefb2	3.01467078910309	86f75337-2fd7-4ef8-9c35-e1035f5482e4	2.75	3	75	26
debd54b6-d961-4098-9292-c51a80caefb2	3.01467078910309	8d1e7ea2-26e3-4693-ac85-0c975dac9448	2.75	5	75	26
debd54b6-d961-4098-9292-c51a80caefb2	3.01467078910309	debd54b6-d961-4098-9292-c51a80caefb2	2.5	5	100	26
bc4301e9-9b45-4464-81af-2f180218a093	2.97709259467343	debd54b6-d961-4098-9292-c51a80caefb2	2.5	5	75	26
0793712a-8c2c-416b-9080-6c70e46664cb	2.9523554173032	0793712a-8c2c-416b-9080-6c70e46664cb	4.25	4.75	100	26
694a4a01-56e0-494a-b030-0d2757edb4c1	3.46749169372377	64c7b186-de40-4cad-a1f6-dffe7142c990	1	5	75	27
64c7b186-de40-4cad-a1f6-dffe7142c990	3.39276295829843	64c7b186-de40-4cad-a1f6-dffe7142c990	1	5	100	27
9ced877c-497e-45b6-9549-562c758e00fa	3.35618357183096	64c7b186-de40-4cad-a1f6-dffe7142c990	1	5	100	27
a41e2539-2194-4da3-8618-b1f5c7410576	3.28019058759171	68171ad7-2b47-4d86-b0bc-1cd6ad9b6cba	2.75	5	75	27
a41e2539-2194-4da3-8618-b1f5c7410576	3.28019058759171	f13bb7bb-9260-4400-affa-377c7236cda2	3.25	4	75	27
20c132ad-0c7c-41bf-a35c-5a95fa87892a	3.0004157253711	f13bb7bb-9260-4400-affa-377c7236cda2	3.25	4	75	27
8d1e7ea2-26e3-4693-ac85-0c975dac9448	2.99433990333344	68171ad7-2b47-4d86-b0bc-1cd6ad9b6cba	2.75	5	100	27
debd54b6-d961-4098-9292-c51a80caefb2	2.87638144529814	68171ad7-2b47-4d86-b0bc-1cd6ad9b6cba	2.75	5	75	27
0793712a-8c2c-416b-9080-6c70e46664cb	2.81692460876446	0793712a-8c2c-416b-9080-6c70e46664cb	4.25	4.5	100	27
694a4a01-56e0-494a-b030-0d2757edb4c1	3.36048816907318	694a4a01-56e0-494a-b030-0d2757edb4c1	1.25	5	100	28
eefed63b-8eeb-431b-bb50-63c25798ea83	3.33856232099347	694a4a01-56e0-494a-b030-0d2757edb4c1	1.25	5	75	28
64c7b186-de40-4cad-a1f6-dffe7142c990	3.28806548421835	694a4a01-56e0-494a-b030-0d2757edb4c1	1.25	5	75	28
9ced877c-497e-45b6-9549-562c758e00fa	3.25261490685619	694a4a01-56e0-494a-b030-0d2757edb4c1	1.25	5	75	28
bc4301e9-9b45-4464-81af-2f180218a093	2.75287104856544	76a55b6c-21bd-4ce7-b9c7-dd3ae6340804	2	4.75	75	28
0793712a-8c2c-416b-9080-6c70e46664cb	2.72999696617019	b47e7d4f-b0ca-48f0-97c5-cf61fe21295b	4.5	2.25	75	28
eefed63b-8eeb-431b-bb50-63c25798ea83	2.7694294551609	3b947680-2625-4e70-a715-5acf8491b309	1.75	3.5	75	29
a41e2539-2194-4da3-8618-b1f5c7410576	2.6370407332343	a41e2539-2194-4da3-8618-b1f5c7410576	3	5	100	29
a41e2539-2194-4da3-8618-b1f5c7410576	2.6370407332343	86f75337-2fd7-4ef8-9c35-e1035f5482e4	2.75	2.5	75	29
20c132ad-0c7c-41bf-a35c-5a95fa87892a	2.41212157181336	c86f19a7-4709-4fee-a534-cbb721186c55	3.5	2.5	100	29
8d1e7ea2-26e3-4693-ac85-0c975dac9448	2.40723704017892	a41e2539-2194-4da3-8618-b1f5c7410576	3	5	75	29
8d1e7ea2-26e3-4693-ac85-0c975dac9448	2.40723704017892	86f75337-2fd7-4ef8-9c35-e1035f5482e4	2.75	2.5	100	29
debd54b6-d961-4098-9292-c51a80caefb2	2.31240679923704	86f75337-2fd7-4ef8-9c35-e1035f5482e4	2.75	2.5	75	29
0793712a-8c2c-416b-9080-6c70e46664cb	2.26460771896222	b47e7d4f-b0ca-48f0-97c5-cf61fe21295b	4.5	3	75	29
694a4a01-56e0-494a-b030-0d2757edb4c1	3.16555625881309	61fdf88b-1db1-463f-baeb-848a9a1f815d	1.5	4.25	75	30
eefed63b-8eeb-431b-bb50-63c25798ea83	3.1449022730198	61fdf88b-1db1-463f-baeb-848a9a1f815d	1.5	4.25	100	30
eefed63b-8eeb-431b-bb50-63c25798ea83	3.1449022730198	3b947680-2625-4e70-a715-5acf8491b309	1.75	3.25	75	30
a41e2539-2194-4da3-8618-b1f5c7410576	2.99456459065773	a41e2539-2194-4da3-8618-b1f5c7410576	3	4.25	100	30
a41e2539-2194-4da3-8618-b1f5c7410576	2.99456459065773	f73b79c3-6390-4cdb-a96a-0a2fae700005	3.25	2.5	75	30
a41e2539-2194-4da3-8618-b1f5c7410576	2.99456459065773	8d1e7ea2-26e3-4693-ac85-0c975dac9448	2.75	4.75	75	30
20c132ad-0c7c-41bf-a35c-5a95fa87892a	2.73915141305952	f73b79c3-6390-4cdb-a96a-0a2fae700005	3.25	2.5	75	30
8d1e7ea2-26e3-4693-ac85-0c975dac9448	2.7336046493831	a41e2539-2194-4da3-8618-b1f5c7410576	3	4.25	75	30
8d1e7ea2-26e3-4693-ac85-0c975dac9448	2.7336046493831	8d1e7ea2-26e3-4693-ac85-0c975dac9448	2.75	4.75	100	30
debd54b6-d961-4098-9292-c51a80caefb2	2.62591754236011	8d1e7ea2-26e3-4693-ac85-0c975dac9448	2.75	4.75	75	30
694a4a01-56e0-494a-b030-0d2757edb4c1	3.72337499165407	694a4a01-56e0-494a-b030-0d2757edb4c1	1.25	5	100	31
eefed63b-8eeb-431b-bb50-63c25798ea83	3.69908145753011	694a4a01-56e0-494a-b030-0d2757edb4c1	1.25	5	75	31
64c7b186-de40-4cad-a1f6-dffe7142c990	3.64313164693037	694a4a01-56e0-494a-b030-0d2757edb4c1	1.25	5	75	31
9ced877c-497e-45b6-9549-562c758e00fa	3.60385289286473	694a4a01-56e0-494a-b030-0d2757edb4c1	1.25	5	75	31
a41e2539-2194-4da3-8618-b1f5c7410576	3.52225201291148	a41e2539-2194-4da3-8618-b1f5c7410576	3	5	100	31
8d1e7ea2-26e3-4693-ac85-0c975dac9448	3.21530699497546	a41e2539-2194-4da3-8618-b1f5c7410576	3	5	75	31
8d1e7ea2-26e3-4693-ac85-0c975dac9448	3.21530699497546	debd54b6-d961-4098-9292-c51a80caefb2	2.5	5	75	31
debd54b6-d961-4098-9292-c51a80caefb2	3.08864379714343	686509c1-fdca-4255-95fa-005b4947a0d1	2.25	4.5	75	31
debd54b6-d961-4098-9292-c51a80caefb2	3.08864379714343	debd54b6-d961-4098-9292-c51a80caefb2	2.5	5	100	31
bc4301e9-9b45-4464-81af-2f180218a093	3.05014352252006	686509c1-fdca-4255-95fa-005b4947a0d1	2.25	4.5	100	31
bc4301e9-9b45-4464-81af-2f180218a093	3.05014352252006	debd54b6-d961-4098-9292-c51a80caefb2	2.5	5	75	31
0793712a-8c2c-416b-9080-6c70e46664cb	3.02479935103052	b47e7d4f-b0ca-48f0-97c5-cf61fe21295b	4.5	3.5	75	31
694a4a01-56e0-494a-b030-0d2757edb4c1	3.62916012922399	694a4a01-56e0-494a-b030-0d2757edb4c1	1.25	5	100	32
694a4a01-56e0-494a-b030-0d2757edb4c1	3.62916012922399	eefed63b-8eeb-431b-bb50-63c25798ea83	1.5	5	75	32
eefed63b-8eeb-431b-bb50-63c25798ea83	3.60548131301526	694a4a01-56e0-494a-b030-0d2757edb4c1	1.25	5	75	32
eefed63b-8eeb-431b-bb50-63c25798ea83	3.60548131301526	ff492b4b-9780-4b6a-8035-afafaf1a0b7b	1.75	4.75	75	32
eefed63b-8eeb-431b-bb50-63c25798ea83	3.60548131301526	eefed63b-8eeb-431b-bb50-63c25798ea83	1.5	5	100	32
64c7b186-de40-4cad-a1f6-dffe7142c990	3.55094723001805	694a4a01-56e0-494a-b030-0d2757edb4c1	1.25	5	75	32
9ced877c-497e-45b6-9549-562c758e00fa	3.51266237636122	694a4a01-56e0-494a-b030-0d2757edb4c1	1.25	5	75	32
0793712a-8c2c-416b-9080-6c70e46664cb	2.94826098008483	0793712a-8c2c-416b-9080-6c70e46664cb	4.25	4.25	100	32
0793712a-8c2c-416b-9080-6c70e46664cb	2.94826098008483	d6169755-eb0d-4ffe-8b01-397bf3e48f8b	4.5	3.5	75	32
eefed63b-8eeb-431b-bb50-63c25798ea83	3.37865908547854	ff492b4b-9780-4b6a-8035-afafaf1a0b7b	1.75	5	75	33
8d1e7ea2-26e3-4693-ac85-0c975dac9448	2.93679020980445	d86aef28-5ee7-4fd9-9a9b-de8cc06c4557	2.5	3.75	75	33
debd54b6-d961-4098-9292-c51a80caefb2	2.82109884691532	686509c1-fdca-4255-95fa-005b4947a0d1	2.25	5	75	33
debd54b6-d961-4098-9292-c51a80caefb2	2.82109884691532	d86aef28-5ee7-4fd9-9a9b-de8cc06c4557	2.5	3.75	100	33
bc4301e9-9b45-4464-81af-2f180218a093	2.78593354856503	686509c1-fdca-4255-95fa-005b4947a0d1	2.25	5	100	33
bc4301e9-9b45-4464-81af-2f180218a093	2.78593354856503	d86aef28-5ee7-4fd9-9a9b-de8cc06c4557	2.5	3.75	75	33
a41e2539-2194-4da3-8618-b1f5c7410576	3.36482393545098	68171ad7-2b47-4d86-b0bc-1cd6ad9b6cba	2.75	3.75	75	34
a41e2539-2194-4da3-8618-b1f5c7410576	3.36482393545098	a41e2539-2194-4da3-8618-b1f5c7410576	3	4.75	100	34
20c132ad-0c7c-41bf-a35c-5a95fa87892a	3.07783051205474	20c132ad-0c7c-41bf-a35c-5a95fa87892a	3.5	5	100	34
8d1e7ea2-26e3-4693-ac85-0c975dac9448	3.07159792220401	68171ad7-2b47-4d86-b0bc-1cd6ad9b6cba	2.75	3.75	100	34
8d1e7ea2-26e3-4693-ac85-0c975dac9448	3.07159792220401	a41e2539-2194-4da3-8618-b1f5c7410576	3	4.75	75	34
8d1e7ea2-26e3-4693-ac85-0c975dac9448	3.07159792220401	debd54b6-d961-4098-9292-c51a80caefb2	2.5	4.75	75	34
debd54b6-d961-4098-9292-c51a80caefb2	2.95059598607584	68171ad7-2b47-4d86-b0bc-1cd6ad9b6cba	2.75	3.75	75	34
debd54b6-d961-4098-9292-c51a80caefb2	2.95059598607584	debd54b6-d961-4098-9292-c51a80caefb2	2.5	4.75	100	34
bc4301e9-9b45-4464-81af-2f180218a093	2.91381647943385	debd54b6-d961-4098-9292-c51a80caefb2	2.5	4.75	75	34
0793712a-8c2c-416b-9080-6c70e46664cb	2.88960507442747	d6169755-eb0d-4ffe-8b01-397bf3e48f8b	4.5	3	75	34
694a4a01-56e0-494a-b030-0d2757edb4c1	3.75316414138233	64c7b186-de40-4cad-a1f6-dffe7142c990	1	5	75	35
694a4a01-56e0-494a-b030-0d2757edb4c1	3.75316414138233	694a4a01-56e0-494a-b030-0d2757edb4c1	1.25	5	100	35
694a4a01-56e0-494a-b030-0d2757edb4c1	3.75316414138233	eefed63b-8eeb-431b-bb50-63c25798ea83	1.5	5	75	35
eefed63b-8eeb-431b-bb50-63c25798ea83	3.72867624949166	694a4a01-56e0-494a-b030-0d2757edb4c1	1.25	5	75	35
eefed63b-8eeb-431b-bb50-63c25798ea83	3.72867624949166	ff492b4b-9780-4b6a-8035-afafaf1a0b7b	1.75	4.75	75	35
eefed63b-8eeb-431b-bb50-63c25798ea83	3.72867624949166	eefed63b-8eeb-431b-bb50-63c25798ea83	1.5	5	100	35
64c7b186-de40-4cad-a1f6-dffe7142c990	3.67227880403403	64c7b186-de40-4cad-a1f6-dffe7142c990	1	5	100	35
64c7b186-de40-4cad-a1f6-dffe7142c990	3.67227880403403	694a4a01-56e0-494a-b030-0d2757edb4c1	1.25	5	75	35
9ced877c-497e-45b6-9549-562c758e00fa	3.63268579731083	64c7b186-de40-4cad-a1f6-dffe7142c990	1	5	100	35
9ced877c-497e-45b6-9549-562c758e00fa	3.63268579731083	694a4a01-56e0-494a-b030-0d2757edb4c1	1.25	5	75	35
a41e2539-2194-4da3-8618-b1f5c7410576	3.55043206354996	a41e2539-2194-4da3-8618-b1f5c7410576	3	4.75	100	35
8d1e7ea2-26e3-4693-ac85-0c975dac9448	3.24103130933823	a41e2539-2194-4da3-8618-b1f5c7410576	3	4.75	75	35
eefed63b-8eeb-431b-bb50-63c25798ea83	3.57499827301967	ff492b4b-9780-4b6a-8035-afafaf1a0b7b	1.75	5	75	36
a41e2539-2194-4da3-8618-b1f5c7410576	3.40410044278533	f13bb7bb-9260-4400-affa-377c7236cda2	3.25	4	75	36
20c132ad-0c7c-41bf-a35c-5a95fa87892a	3.11375703371746	f13bb7bb-9260-4400-affa-377c7236cda2	3.25	4	75	36
20c132ad-0c7c-41bf-a35c-5a95fa87892a	3.11375703371746	20c132ad-0c7c-41bf-a35c-5a95fa87892a	3.5	3.75	100	36
8d1e7ea2-26e3-4693-ac85-0c975dac9448	3.10745169443434	debd54b6-d961-4098-9292-c51a80caefb2	2.5	4.5	75	36
debd54b6-d961-4098-9292-c51a80caefb2	2.9850373270286	debd54b6-d961-4098-9292-c51a80caefb2	2.5	4.5	100	36
bc4301e9-9b45-4464-81af-2f180218a093	2.94782851662015	debd54b6-d961-4098-9292-c51a80caefb2	2.5	4.5	75	36
0793712a-8c2c-416b-9080-6c70e46664cb	2.92333450096434	b47e7d4f-b0ca-48f0-97c5-cf61fe21295b	4.5	4.75	75	36
694a4a01-56e0-494a-b030-0d2757edb4c1	3.5369357705138	eefed63b-8eeb-431b-bb50-63c25798ea83	1.5	5	75	37
eefed63b-8eeb-431b-bb50-63c25798ea83	3.51385868352918	eefed63b-8eeb-431b-bb50-63c25798ea83	1.5	5	100	37
20c132ad-0c7c-41bf-a35c-5a95fa87892a	3.06050558767366	52d5d688-98d5-455a-97d8-40e74216ec3f	3.75	3.75	75	37
20c132ad-0c7c-41bf-a35c-5a95fa87892a	3.06050558767366	20c132ad-0c7c-41bf-a35c-5a95fa87892a	3.5	4.5	100	37
debd54b6-d961-4098-9292-c51a80caefb2	2.93398724559334	bc4301e9-9b45-4464-81af-2f180218a093	2.25	4	75	37
debd54b6-d961-4098-9292-c51a80caefb2	2.93398724559334	534235e5-91a6-4d11-b984-96ff5932c823	2.25	4.5	75	37
bc4301e9-9b45-4464-81af-2f180218a093	2.89741478073237	bc4301e9-9b45-4464-81af-2f180218a093	2.25	4	100	37
bc4301e9-9b45-4464-81af-2f180218a093	2.89741478073237	534235e5-91a6-4d11-b984-96ff5932c823	2.25	4.5	100	37
694a4a01-56e0-494a-b030-0d2757edb4c1	3.33979565260781	64c7b186-de40-4cad-a1f6-dffe7142c990	1	5	75	38
694a4a01-56e0-494a-b030-0d2757edb4c1	3.33979565260781	694a4a01-56e0-494a-b030-0d2757edb4c1	1.25	4.5	100	38
eefed63b-8eeb-431b-bb50-63c25798ea83	3.31800481583474	694a4a01-56e0-494a-b030-0d2757edb4c1	1.25	4.5	75	38
64c7b186-de40-4cad-a1f6-dffe7142c990	3.26781891990133	64c7b186-de40-4cad-a1f6-dffe7142c990	1	5	100	38
64c7b186-de40-4cad-a1f6-dffe7142c990	3.26781891990133	694a4a01-56e0-494a-b030-0d2757edb4c1	1.25	4.5	75	38
9ced877c-497e-45b6-9549-562c758e00fa	3.23258663016944	64c7b186-de40-4cad-a1f6-dffe7142c990	1	5	100	38
9ced877c-497e-45b6-9549-562c758e00fa	3.23258663016944	694a4a01-56e0-494a-b030-0d2757edb4c1	1.25	4.5	75	38
a41e2539-2194-4da3-8618-b1f5c7410576	3.15939221327834	86f75337-2fd7-4ef8-9c35-e1035f5482e4	2.75	4.25	75	38
8d1e7ea2-26e3-4693-ac85-0c975dac9448	2.88406844322301	d86aef28-5ee7-4fd9-9a9b-de8cc06c4557	2.5	2	75	38
8d1e7ea2-26e3-4693-ac85-0c975dac9448	2.88406844322301	86f75337-2fd7-4ef8-9c35-e1035f5482e4	2.75	4.25	100	38
debd54b6-d961-4098-9292-c51a80caefb2	2.77045399760422	d86aef28-5ee7-4fd9-9a9b-de8cc06c4557	2.5	2	100	38
debd54b6-d961-4098-9292-c51a80caefb2	2.77045399760422	86f75337-2fd7-4ef8-9c35-e1035f5482e4	2.75	4.25	75	38
bc4301e9-9b45-4464-81af-2f180218a093	2.73591999190646	21bb91af-fb89-4f9b-a2ac-be9e84807e6d	2	4.75	75	38
bc4301e9-9b45-4464-81af-2f180218a093	2.73591999190646	d86aef28-5ee7-4fd9-9a9b-de8cc06c4557	2.5	2	75	38
694a4a01-56e0-494a-b030-0d2757edb4c1	3.5610705182174	64c7b186-de40-4cad-a1f6-dffe7142c990	1	5	75	39
694a4a01-56e0-494a-b030-0d2757edb4c1	3.5610705182174	75291c0b-2d30-401a-b568-6147335d88a5	1	4.5	75	39
64c7b186-de40-4cad-a1f6-dffe7142c990	3.48432503681717	64c7b186-de40-4cad-a1f6-dffe7142c990	1	5	100	39
64c7b186-de40-4cad-a1f6-dffe7142c990	3.48432503681717	75291c0b-2d30-401a-b568-6147335d88a5	1	4.5	100	39
9ced877c-497e-45b6-9549-562c758e00fa	3.44675847048952	64c7b186-de40-4cad-a1f6-dffe7142c990	1	5	100	39
9ced877c-497e-45b6-9549-562c758e00fa	3.44675847048952	75291c0b-2d30-401a-b568-6147335d88a5	1	4.5	100	39
a41e2539-2194-4da3-8618-b1f5c7410576	3.36871462911925	86f75337-2fd7-4ef8-9c35-e1035f5482e4	2.75	4.5	75	39
8d1e7ea2-26e3-4693-ac85-0c975dac9448	3.07514955646988	86f75337-2fd7-4ef8-9c35-e1035f5482e4	2.75	4.5	100	39
debd54b6-d961-4098-9292-c51a80caefb2	2.95400769343354	686509c1-fdca-4255-95fa-005b4947a0d1	2.25	3.5	75	39
debd54b6-d961-4098-9292-c51a80caefb2	2.95400769343354	86f75337-2fd7-4ef8-9c35-e1035f5482e4	2.75	4.5	75	39
bc4301e9-9b45-4464-81af-2f180218a093	2.91718567181115	686509c1-fdca-4255-95fa-005b4947a0d1	2.25	3.5	100	39
0793712a-8c2c-416b-9080-6c70e46664cb	2.89294627058035	0793712a-8c2c-416b-9080-6c70e46664cb	4.25	4.5	100	39
694a4a01-56e0-494a-b030-0d2757edb4c1	3.06086576314515	61fdf88b-1db1-463f-baeb-848a9a1f815d	1.5	3.75	75	40
694a4a01-56e0-494a-b030-0d2757edb4c1	3.06086576314515	75291c0b-2d30-401a-b568-6147335d88a5	1	3	75	40
eefed63b-8eeb-431b-bb50-63c25798ea83	3.04089484859965	61fdf88b-1db1-463f-baeb-848a9a1f815d	1.5	3.75	100	40
64c7b186-de40-4cad-a1f6-dffe7142c990	2.99490033485257	75291c0b-2d30-401a-b568-6147335d88a5	1	3	100	40
9ced877c-497e-45b6-9549-562c758e00fa	2.96261052508652	75291c0b-2d30-401a-b568-6147335d88a5	1	3	100	40
a41e2539-2194-4da3-8618-b1f5c7410576	2.89552909026238	86f75337-2fd7-4ef8-9c35-e1035f5482e4	2.75	4	75	40
20c132ad-0c7c-41bf-a35c-5a95fa87892a	2.64856288441895	20c132ad-0c7c-41bf-a35c-5a95fa87892a	3.5	3.25	100	40
8d1e7ea2-26e3-4693-ac85-0c975dac9448	2.64319955774984	86f75337-2fd7-4ef8-9c35-e1035f5482e4	2.75	4	100	40
debd54b6-d961-4098-9292-c51a80caefb2	2.53907385014221	86f75337-2fd7-4ef8-9c35-e1035f5482e4	2.75	4	75	40
0793712a-8c2c-416b-9080-6c70e46664cb	2.48658940164319	b47e7d4f-b0ca-48f0-97c5-cf61fe21295b	4.5	5	75	40
694a4a01-56e0-494a-b030-0d2757edb4c1	3.53153128924381	64c7b186-de40-4cad-a1f6-dffe7142c990	1	5	75	41
eefed63b-8eeb-431b-bb50-63c25798ea83	3.50848946367772	3b947680-2625-4e70-a715-5acf8491b309	1.75	4.75	75	41
eefed63b-8eeb-431b-bb50-63c25798ea83	3.50848946367772	ff492b4b-9780-4b6a-8035-afafaf1a0b7b	1.75	4.25	75	41
64c7b186-de40-4cad-a1f6-dffe7142c990	3.4554224144428	64c7b186-de40-4cad-a1f6-dffe7142c990	1	5	100	41
9ced877c-497e-45b6-9549-562c758e00fa	3.41816746487883	64c7b186-de40-4cad-a1f6-dffe7142c990	1	5	100	41
20c132ad-0c7c-41bf-a35c-5a95fa87892a	3.05582909630133	52d5d688-98d5-455a-97d8-40e74216ec3f	3.75	4	75	41
debd54b6-d961-4098-9292-c51a80caefb2	2.92950407636857	686509c1-fdca-4255-95fa-005b4947a0d1	2.25	3.75	75	41
bc4301e9-9b45-4464-81af-2f180218a093	2.89298749454394	686509c1-fdca-4255-95fa-005b4947a0d1	2.25	3.75	100	41
20c132ad-0c7c-41bf-a35c-5a95fa87892a	3.31990850467985	c86f19a7-4709-4fee-a534-cbb721186c55	3.5	4.25	100	42
debd54b6-d961-4098-9292-c51a80caefb2	3.18266669706174	686509c1-fdca-4255-95fa-005b4947a0d1	2.25	5	75	42
debd54b6-d961-4098-9292-c51a80caefb2	3.18266669706174	bc4301e9-9b45-4464-81af-2f180218a093	2.25	4.5	75	42
debd54b6-d961-4098-9292-c51a80caefb2	3.18266669706174	534235e5-91a6-4d11-b984-96ff5932c823	2.25	4.25	75	42
debd54b6-d961-4098-9292-c51a80caefb2	3.18266669706174	79d48cba-971b-453e-8c5c-8c2bcade78a0	2.25	5	75	42
bc4301e9-9b45-4464-81af-2f180218a093	3.14299441639605	686509c1-fdca-4255-95fa-005b4947a0d1	2.25	5	100	42
bc4301e9-9b45-4464-81af-2f180218a093	3.14299441639605	bc4301e9-9b45-4464-81af-2f180218a093	2.25	4.5	100	42
bc4301e9-9b45-4464-81af-2f180218a093	3.14299441639605	534235e5-91a6-4d11-b984-96ff5932c823	2.25	4.25	100	42
bc4301e9-9b45-4464-81af-2f180218a093	3.14299441639605	79d48cba-971b-453e-8c5c-8c2bcade78a0	2.25	5	100	42
694a4a01-56e0-494a-b030-0d2757edb4c1	3.51869023909641	61fdf88b-1db1-463f-baeb-848a9a1f815d	1.5	4.25	75	43
eefed63b-8eeb-431b-bb50-63c25798ea83	3.49573219699664	61fdf88b-1db1-463f-baeb-848a9a1f815d	1.5	4.25	100	43
a41e2539-2194-4da3-8618-b1f5c7410576	3.3286235771066	68171ad7-2b47-4d86-b0bc-1cd6ad9b6cba	2.75	3.75	75	43
20c132ad-0c7c-41bf-a35c-5a95fa87892a	3.04471775535161	37b95289-ea7b-4686-b2d2-7ab47fe22aec	3.75	4	75	43
8d1e7ea2-26e3-4693-ac85-0c975dac9448	3.03855221923288	68171ad7-2b47-4d86-b0bc-1cd6ad9b6cba	2.75	3.75	100	43
8d1e7ea2-26e3-4693-ac85-0c975dac9448	3.03855221923288	debd54b6-d961-4098-9292-c51a80caefb2	2.5	5	75	43
debd54b6-d961-4098-9292-c51a80caefb2	2.91885206546909	68171ad7-2b47-4d86-b0bc-1cd6ad9b6cba	2.75	3.75	75	43
debd54b6-d961-4098-9292-c51a80caefb2	2.91885206546909	534235e5-91a6-4d11-b984-96ff5932c823	2.25	3.75	75	43
debd54b6-d961-4098-9292-c51a80caefb2	2.91885206546909	debd54b6-d961-4098-9292-c51a80caefb2	2.5	5	100	43
bc4301e9-9b45-4464-81af-2f180218a093	2.88246826418015	534235e5-91a6-4d11-b984-96ff5932c823	2.25	3.75	100	43
bc4301e9-9b45-4464-81af-2f180218a093	2.88246826418015	debd54b6-d961-4098-9292-c51a80caefb2	2.5	5	75	43
694a4a01-56e0-494a-b030-0d2757edb4c1	3.39007141513293	64c7b186-de40-4cad-a1f6-dffe7142c990	1	5	75	44
694a4a01-56e0-494a-b030-0d2757edb4c1	3.39007141513293	eefed63b-8eeb-431b-bb50-63c25798ea83	1.5	4.5	75	44
eefed63b-8eeb-431b-bb50-63c25798ea83	3.3679525519224	eefed63b-8eeb-431b-bb50-63c25798ea83	1.5	4.5	100	44
64c7b186-de40-4cad-a1f6-dffe7142c990	3.31701118099648	64c7b186-de40-4cad-a1f6-dffe7142c990	1	5	100	44
9ced877c-497e-45b6-9549-562c758e00fa	3.28124852319423	64c7b186-de40-4cad-a1f6-dffe7142c990	1	5	100	44
20c132ad-0c7c-41bf-a35c-5a95fa87892a	2.93342406199753	37b95289-ea7b-4686-b2d2-7ab47fe22aec	3.75	4.75	75	44
0793712a-8c2c-416b-9080-6c70e46664cb	2.75402983871383	0793712a-8c2c-416b-9080-6c70e46664cb	4.25	4.5	100	44
694a4a01-56e0-494a-b030-0d2757edb4c1	3.60907492207639	694a4a01-56e0-494a-b030-0d2757edb4c1	1.25	4.75	100	45
694a4a01-56e0-494a-b030-0d2757edb4c1	3.60907492207639	75291c0b-2d30-401a-b568-6147335d88a5	1	5	75	45
694a4a01-56e0-494a-b030-0d2757edb4c1	3.60907492207639	eefed63b-8eeb-431b-bb50-63c25798ea83	1.5	5	75	45
eefed63b-8eeb-431b-bb50-63c25798ea83	3.58552715409722	694a4a01-56e0-494a-b030-0d2757edb4c1	1.25	4.75	75	45
eefed63b-8eeb-431b-bb50-63c25798ea83	3.58552715409722	eefed63b-8eeb-431b-bb50-63c25798ea83	1.5	5	100	45
64c7b186-de40-4cad-a1f6-dffe7142c990	3.53129488647287	694a4a01-56e0-494a-b030-0d2757edb4c1	1.25	4.75	75	45
64c7b186-de40-4cad-a1f6-dffe7142c990	3.53129488647287	75291c0b-2d30-401a-b568-6147335d88a5	1	5	100	45
9ced877c-497e-45b6-9549-562c758e00fa	3.49322191035937	694a4a01-56e0-494a-b030-0d2757edb4c1	1.25	4.75	75	45
9ced877c-497e-45b6-9549-562c758e00fa	3.49322191035937	75291c0b-2d30-401a-b568-6147335d88a5	1	5	100	45
a41e2539-2194-4da3-8618-b1f5c7410576	3.41412601224446	86f75337-2fd7-4ef8-9c35-e1035f5482e4	2.75	4.75	75	45
8d1e7ea2-26e3-4693-ac85-0c975dac9448	3.11660358560882	86f75337-2fd7-4ef8-9c35-e1035f5482e4	2.75	4.75	100	45
debd54b6-d961-4098-9292-c51a80caefb2	2.99382869069048	86f75337-2fd7-4ef8-9c35-e1035f5482e4	2.75	4.75	75	45
694a4a01-56e0-494a-b030-0d2757edb4c1	3.39535428500936	64c7b186-de40-4cad-a1f6-dffe7142c990	1	5	75	46
eefed63b-8eeb-431b-bb50-63c25798ea83	3.37320096110172	ff492b4b-9780-4b6a-8035-afafaf1a0b7b	1.75	2.5	75	46
64c7b186-de40-4cad-a1f6-dffe7142c990	3.32218019372078	64c7b186-de40-4cad-a1f6-dffe7142c990	1	5	100	46
9ced877c-497e-45b6-9549-562c758e00fa	3.28636180680208	64c7b186-de40-4cad-a1f6-dffe7142c990	1	5	100	46
a41e2539-2194-4da3-8618-b1f5c7410576	3.21194977523243	86f75337-2fd7-4ef8-9c35-e1035f5482e4	2.75	4.75	75	46
8d1e7ea2-26e3-4693-ac85-0c975dac9448	2.93204590330016	86f75337-2fd7-4ef8-9c35-e1035f5482e4	2.75	4.75	100	46
8d1e7ea2-26e3-4693-ac85-0c975dac9448	2.93204590330016	debd54b6-d961-4098-9292-c51a80caefb2	2.5	4.5	75	46
debd54b6-d961-4098-9292-c51a80caefb2	2.81654143868824	86f75337-2fd7-4ef8-9c35-e1035f5482e4	2.75	4.75	75	46
debd54b6-d961-4098-9292-c51a80caefb2	2.81654143868824	debd54b6-d961-4098-9292-c51a80caefb2	2.5	4.5	100	46
bc4301e9-9b45-4464-81af-2f180218a093	2.78143294841655	76a55b6c-21bd-4ce7-b9c7-dd3ae6340804	2	4.25	75	46
bc4301e9-9b45-4464-81af-2f180218a093	2.78143294841655	debd54b6-d961-4098-9292-c51a80caefb2	2.5	4.5	75	46
694a4a01-56e0-494a-b030-0d2757edb4c1	3.14280695438047	64c7b186-de40-4cad-a1f6-dffe7142c990	1	5	75	47
eefed63b-8eeb-431b-bb50-63c25798ea83	3.1223013972194	3b947680-2625-4e70-a715-5acf8491b309	1.75	5	75	47
64c7b186-de40-4cad-a1f6-dffe7142c990	3.07507557164631	64c7b186-de40-4cad-a1f6-dffe7142c990	1	5	100	47
9ced877c-497e-45b6-9549-562c758e00fa	3.04192136423851	64c7b186-de40-4cad-a1f6-dffe7142c990	1	5	100	47
8d1e7ea2-26e3-4693-ac85-0c975dac9448	2.71395957031428	d86aef28-5ee7-4fd9-9a9b-de8cc06c4557	2.5	1.25	75	47
debd54b6-d961-4098-9292-c51a80caefb2	2.60704635698585	d86aef28-5ee7-4fd9-9a9b-de8cc06c4557	2.5	1.25	100	47
debd54b6-d961-4098-9292-c51a80caefb2	2.60704635698585	79d48cba-971b-453e-8c5c-8c2bcade78a0	2.25	5	75	47
bc4301e9-9b45-4464-81af-2f180218a093	2.57454924670675	d86aef28-5ee7-4fd9-9a9b-de8cc06c4557	2.5	1.25	75	47
bc4301e9-9b45-4464-81af-2f180218a093	2.57454924670675	79d48cba-971b-453e-8c5c-8c2bcade78a0	2.25	5	100	47
694a4a01-56e0-494a-b030-0d2757edb4c1	3.65916586166797	eefed63b-8eeb-431b-bb50-63c25798ea83	1.5	5	75	48
eefed63b-8eeb-431b-bb50-63c25798ea83	3.63529127111068	3b947680-2625-4e70-a715-5acf8491b309	1.75	4.25	75	48
eefed63b-8eeb-431b-bb50-63c25798ea83	3.63529127111068	eefed63b-8eeb-431b-bb50-63c25798ea83	1.5	5	100	48
a41e2539-2194-4da3-8618-b1f5c7410576	3.46151122403062	8d1e7ea2-26e3-4693-ac85-0c975dac9448	2.75	5	75	48
20c132ad-0c7c-41bf-a35c-5a95fa87892a	3.1662711136487	20c132ad-0c7c-41bf-a35c-5a95fa87892a	3.5	4	100	48
8d1e7ea2-26e3-4693-ac85-0c975dac9448	3.15985943527519	8d1e7ea2-26e3-4693-ac85-0c975dac9448	2.75	5	100	48
debd54b6-d961-4098-9292-c51a80caefb2	3.03538052756945	8d1e7ea2-26e3-4693-ac85-0c975dac9448	2.75	5	75	48
0793712a-8c2c-416b-9080-6c70e46664cb	2.97263707012375	0793712a-8c2c-416b-9080-6c70e46664cb	4.25	4.75	100	48
694a4a01-56e0-494a-b030-0d2757edb4c1	3.20811968118188	eefed63b-8eeb-431b-bb50-63c25798ea83	1.5	3.75	75	49
eefed63b-8eeb-431b-bb50-63c25798ea83	3.18718796622749	eefed63b-8eeb-431b-bb50-63c25798ea83	1.5	3.75	100	49
a41e2539-2194-4da3-8618-b1f5c7410576	3.03482887298549	a41e2539-2194-4da3-8618-b1f5c7410576	3	4.5	100	49
8d1e7ea2-26e3-4693-ac85-0c975dac9448	2.77036011939782	a41e2539-2194-4da3-8618-b1f5c7410576	3	4.5	75	49
8d1e7ea2-26e3-4693-ac85-0c975dac9448	2.77036011939782	debd54b6-d961-4098-9292-c51a80caefb2	2.5	4.25	75	49
debd54b6-d961-4098-9292-c51a80caefb2	2.66122508085396	534235e5-91a6-4d11-b984-96ff5932c823	2.25	3.75	75	49
debd54b6-d961-4098-9292-c51a80caefb2	2.66122508085396	debd54b6-d961-4098-9292-c51a80caefb2	2.5	4.25	100	49
bc4301e9-9b45-4464-81af-2f180218a093	2.62805264307634	534235e5-91a6-4d11-b984-96ff5932c823	2.25	3.75	100	49
bc4301e9-9b45-4464-81af-2f180218a093	2.62805264307634	debd54b6-d961-4098-9292-c51a80caefb2	2.5	4.25	75	49
694a4a01-56e0-494a-b030-0d2757edb4c1	3.46181686713366	61fdf88b-1db1-463f-baeb-848a9a1f815d	1.5	3.75	75	50
694a4a01-56e0-494a-b030-0d2757edb4c1	3.46181686713366	9ced877c-497e-45b6-9549-562c758e00fa	1	5	75	50
eefed63b-8eeb-431b-bb50-63c25798ea83	3.43922989968018	61fdf88b-1db1-463f-baeb-848a9a1f815d	1.5	3.75	100	50
64c7b186-de40-4cad-a1f6-dffe7142c990	3.38721042489963	9ced877c-497e-45b6-9549-562c758e00fa	1	5	100	50
9ced877c-497e-45b6-9549-562c758e00fa	3.35069090856418	9ced877c-497e-45b6-9549-562c758e00fa	1	5	100	50
a41e2539-2194-4da3-8618-b1f5c7410576	3.27482229412551	f73b79c3-6390-4cdb-a96a-0a2fae700005	3.25	3	75	50
20c132ad-0c7c-41bf-a35c-5a95fa87892a	2.99550530399715	f73b79c3-6390-4cdb-a96a-0a2fae700005	3.25	3	75	50
bc4301e9-9b45-4464-81af-2f180218a093	2.83587828761019	21bb91af-fb89-4f9b-a2ac-be9e84807e6d	2	4.75	75	50
694a4a01-56e0-494a-b030-0d2757edb4c1	3.26600360193406	9ced877c-497e-45b6-9549-562c758e00fa	1	5	75	51
64c7b186-de40-4cad-a1f6-dffe7142c990	3.19561717930446	9ced877c-497e-45b6-9549-562c758e00fa	1	5	100	51
9ced877c-497e-45b6-9549-562c758e00fa	3.16116334295419	9ced877c-497e-45b6-9549-562c758e00fa	1	5	100	51
20c132ad-0c7c-41bf-a35c-5a95fa87892a	2.82606836034507	20c132ad-0c7c-41bf-a35c-5a95fa87892a	3.5	3.25	100	51
20c132ad-0c7c-41bf-a35c-5a95fa87892a	2.82606836034507	c86f19a7-4709-4fee-a534-cbb721186c55	3.5	4.25	100	51
debd54b6-d961-4098-9292-c51a80caefb2	2.70924142623761	686509c1-fdca-4255-95fa-005b4947a0d1	2.25	4.25	75	51
bc4301e9-9b45-4464-81af-2f180218a093	2.67547044179632	686509c1-fdca-4255-95fa-005b4947a0d1	2.25	4.25	100	51
0793712a-8c2c-416b-9080-6c70e46664cb	2.65323949449373	d6169755-eb0d-4ffe-8b01-397bf3e48f8b	4.5	3	75	51
694a4a01-56e0-494a-b030-0d2757edb4c1	3.46893435547106	eefed63b-8eeb-431b-bb50-63c25798ea83	1.5	5	75	52
eefed63b-8eeb-431b-bb50-63c25798ea83	3.4463009493218	eefed63b-8eeb-431b-bb50-63c25798ea83	1.5	5	100	52
a41e2539-2194-4da3-8618-b1f5c7410576	3.28155532213981	86f75337-2fd7-4ef8-9c35-e1035f5482e4	2.75	4.75	75	52
8d1e7ea2-26e3-4693-ac85-0c975dac9448	2.99558570679717	86f75337-2fd7-4ef8-9c35-e1035f5482e4	2.75	4.75	100	52
debd54b6-d961-4098-9292-c51a80caefb2	2.87757816713417	bc4301e9-9b45-4464-81af-2f180218a093	2.25	4.25	75	52
debd54b6-d961-4098-9292-c51a80caefb2	2.87757816713417	86f75337-2fd7-4ef8-9c35-e1035f5482e4	2.75	4.75	75	52
bc4301e9-9b45-4464-81af-2f180218a093	2.84170884754542	bc4301e9-9b45-4464-81af-2f180218a093	2.25	4.25	100	52
bc4301e9-9b45-4464-81af-2f180218a093	2.84170884754542	21bb91af-fb89-4f9b-a2ac-be9e84807e6d	2	4.75	75	52
694a4a01-56e0-494a-b030-0d2757edb4c1	4.60077685711761	64c7b186-de40-4cad-a1f6-dffe7142c990	1	5	75	53
694a4a01-56e0-494a-b030-0d2757edb4c1	4.60077685711761	61fdf88b-1db1-463f-baeb-848a9a1f815d	1.5	4.75	75	53
694a4a01-56e0-494a-b030-0d2757edb4c1	4.60077685711761	694a4a01-56e0-494a-b030-0d2757edb4c1	1.25	5	100	53
694a4a01-56e0-494a-b030-0d2757edb4c1	4.60077685711761	9ced877c-497e-45b6-9549-562c758e00fa	1	5	75	53
694a4a01-56e0-494a-b030-0d2757edb4c1	4.60077685711761	75291c0b-2d30-401a-b568-6147335d88a5	1	5	75	53
694a4a01-56e0-494a-b030-0d2757edb4c1	4.60077685711761	eefed63b-8eeb-431b-bb50-63c25798ea83	1.5	4	75	53
eefed63b-8eeb-431b-bb50-63c25798ea83	4.570758633422	61fdf88b-1db1-463f-baeb-848a9a1f815d	1.5	4.75	100	53
eefed63b-8eeb-431b-bb50-63c25798ea83	4.570758633422	3b947680-2625-4e70-a715-5acf8491b309	1.75	5	75	53
eefed63b-8eeb-431b-bb50-63c25798ea83	4.570758633422	694a4a01-56e0-494a-b030-0d2757edb4c1	1.25	5	75	53
eefed63b-8eeb-431b-bb50-63c25798ea83	4.570758633422	ff492b4b-9780-4b6a-8035-afafaf1a0b7b	1.75	4.25	75	53
eefed63b-8eeb-431b-bb50-63c25798ea83	4.570758633422	eefed63b-8eeb-431b-bb50-63c25798ea83	1.5	4	100	53
64c7b186-de40-4cad-a1f6-dffe7142c990	4.50162441989524	64c7b186-de40-4cad-a1f6-dffe7142c990	1	5	100	53
64c7b186-de40-4cad-a1f6-dffe7142c990	4.50162441989524	694a4a01-56e0-494a-b030-0d2757edb4c1	1.25	5	75	53
64c7b186-de40-4cad-a1f6-dffe7142c990	4.50162441989524	9ced877c-497e-45b6-9549-562c758e00fa	1	5	100	53
64c7b186-de40-4cad-a1f6-dffe7142c990	4.50162441989524	75291c0b-2d30-401a-b568-6147335d88a5	1	5	100	53
9ced877c-497e-45b6-9549-562c758e00fa	4.45308974482375	64c7b186-de40-4cad-a1f6-dffe7142c990	1	5	100	53
9ced877c-497e-45b6-9549-562c758e00fa	4.45308974482375	694a4a01-56e0-494a-b030-0d2757edb4c1	1.25	5	75	53
9ced877c-497e-45b6-9549-562c758e00fa	4.45308974482375	9ced877c-497e-45b6-9549-562c758e00fa	1	5	100	53
9ced877c-497e-45b6-9549-562c758e00fa	4.45308974482375	75291c0b-2d30-401a-b568-6147335d88a5	1	5	100	53
a41e2539-2194-4da3-8618-b1f5c7410576	4.35225987078444	68171ad7-2b47-4d86-b0bc-1cd6ad9b6cba	2.75	4	75	53
a41e2539-2194-4da3-8618-b1f5c7410576	4.35225987078444	a41e2539-2194-4da3-8618-b1f5c7410576	3	5	100	53
a41e2539-2194-4da3-8618-b1f5c7410576	4.35225987078444	f73b79c3-6390-4cdb-a96a-0a2fae700005	3.25	1.5	75	53
a41e2539-2194-4da3-8618-b1f5c7410576	4.35225987078444	f13bb7bb-9260-4400-affa-377c7236cda2	3.25	4.5	75	53
a41e2539-2194-4da3-8618-b1f5c7410576	4.35225987078444	86f75337-2fd7-4ef8-9c35-e1035f5482e4	2.75	4	75	53
a41e2539-2194-4da3-8618-b1f5c7410576	4.35225987078444	8d1e7ea2-26e3-4693-ac85-0c975dac9448	2.75	4.75	75	53
20c132ad-0c7c-41bf-a35c-5a95fa87892a	3.98104579860414	52d5d688-98d5-455a-97d8-40e74216ec3f	3.75	3	75	53
20c132ad-0c7c-41bf-a35c-5a95fa87892a	3.98104579860414	f73b79c3-6390-4cdb-a96a-0a2fae700005	3.25	1.5	75	53
20c132ad-0c7c-41bf-a35c-5a95fa87892a	3.98104579860414	f13bb7bb-9260-4400-affa-377c7236cda2	3.25	4.5	75	53
20c132ad-0c7c-41bf-a35c-5a95fa87892a	3.98104579860414	20c132ad-0c7c-41bf-a35c-5a95fa87892a	3.5	2.75	100	53
20c132ad-0c7c-41bf-a35c-5a95fa87892a	3.98104579860414	37b95289-ea7b-4686-b2d2-7ab47fe22aec	3.75	3.5	75	53
20c132ad-0c7c-41bf-a35c-5a95fa87892a	3.98104579860414	c86f19a7-4709-4fee-a534-cbb721186c55	3.5	4	100	53
8d1e7ea2-26e3-4693-ac85-0c975dac9448	3.97298420587703	68171ad7-2b47-4d86-b0bc-1cd6ad9b6cba	2.75	4	100	53
8d1e7ea2-26e3-4693-ac85-0c975dac9448	3.97298420587703	a41e2539-2194-4da3-8618-b1f5c7410576	3	5	75	53
8d1e7ea2-26e3-4693-ac85-0c975dac9448	3.97298420587703	d86aef28-5ee7-4fd9-9a9b-de8cc06c4557	2.5	4.25	75	53
8d1e7ea2-26e3-4693-ac85-0c975dac9448	3.97298420587703	86f75337-2fd7-4ef8-9c35-e1035f5482e4	2.75	4	100	53
8d1e7ea2-26e3-4693-ac85-0c975dac9448	3.97298420587703	8d1e7ea2-26e3-4693-ac85-0c975dac9448	2.75	4.75	100	53
8d1e7ea2-26e3-4693-ac85-0c975dac9448	3.97298420587703	debd54b6-d961-4098-9292-c51a80caefb2	2.5	1	75	53
debd54b6-d961-4098-9292-c51a80caefb2	3.81647321331932	686509c1-fdca-4255-95fa-005b4947a0d1	2.25	3.75	75	53
debd54b6-d961-4098-9292-c51a80caefb2	3.81647321331932	68171ad7-2b47-4d86-b0bc-1cd6ad9b6cba	2.75	4	75	53
debd54b6-d961-4098-9292-c51a80caefb2	3.81647321331932	bc4301e9-9b45-4464-81af-2f180218a093	2.25	5	75	53
debd54b6-d961-4098-9292-c51a80caefb2	3.81647321331932	d86aef28-5ee7-4fd9-9a9b-de8cc06c4557	2.5	4.25	100	53
debd54b6-d961-4098-9292-c51a80caefb2	3.81647321331932	86f75337-2fd7-4ef8-9c35-e1035f5482e4	2.75	4	75	53
debd54b6-d961-4098-9292-c51a80caefb2	3.81647321331932	534235e5-91a6-4d11-b984-96ff5932c823	2.25	2.75	75	53
debd54b6-d961-4098-9292-c51a80caefb2	3.81647321331932	79d48cba-971b-453e-8c5c-8c2bcade78a0	2.25	3.75	75	53
debd54b6-d961-4098-9292-c51a80caefb2	3.81647321331932	8d1e7ea2-26e3-4693-ac85-0c975dac9448	2.75	4.75	75	53
debd54b6-d961-4098-9292-c51a80caefb2	3.81647321331932	debd54b6-d961-4098-9292-c51a80caefb2	2.5	1	100	53
bc4301e9-9b45-4464-81af-2f180218a093	3.7689004636096	686509c1-fdca-4255-95fa-005b4947a0d1	2.25	3.75	100	53
bc4301e9-9b45-4464-81af-2f180218a093	3.7689004636096	bc4301e9-9b45-4464-81af-2f180218a093	2.25	5	100	53
bc4301e9-9b45-4464-81af-2f180218a093	3.7689004636096	21bb91af-fb89-4f9b-a2ac-be9e84807e6d	2	3	75	53
bc4301e9-9b45-4464-81af-2f180218a093	3.7689004636096	d86aef28-5ee7-4fd9-9a9b-de8cc06c4557	2.5	4.25	75	53
bc4301e9-9b45-4464-81af-2f180218a093	3.7689004636096	534235e5-91a6-4d11-b984-96ff5932c823	2.25	2.75	100	53
bc4301e9-9b45-4464-81af-2f180218a093	3.7689004636096	79d48cba-971b-453e-8c5c-8c2bcade78a0	2.25	3.75	100	53
bc4301e9-9b45-4464-81af-2f180218a093	3.7689004636096	76a55b6c-21bd-4ce7-b9c7-dd3ae6340804	2	5	75	53
bc4301e9-9b45-4464-81af-2f180218a093	3.7689004636096	debd54b6-d961-4098-9292-c51a80caefb2	2.5	1	75	53
0793712a-8c2c-416b-9080-6c70e46664cb	3.73758401815117	b47e7d4f-b0ca-48f0-97c5-cf61fe21295b	4.5	1	75	53
0793712a-8c2c-416b-9080-6c70e46664cb	3.73758401815117	0793712a-8c2c-416b-9080-6c70e46664cb	4.25	3.25	100	53
0793712a-8c2c-416b-9080-6c70e46664cb	3.73758401815117	d6169755-eb0d-4ffe-8b01-397bf3e48f8b	4.5	2.75	75	53
