9ced877c-497e-45b6-9549-562c758e00fa	2.84937024035654	9ced877c-497e-45b6-9549-562c758e00fa	1	5	100	1
694a4a01-56e0-494a-b030-0d2757edb4c1	2.61590100228219	9ced877c-497e-45b6-9549-562c758e00fa	1	5	75	1
694a4a01-56e0-494a-b030-0d2757edb4c1	2.61590100228219	eefed63b-8eeb-431b-bb50-63c25798ea83	1.5	3.5	75	1
8d1e7ea2-26e3-4693-ac85-0c975dac9448	2.39968280481519	d86aef28-5ee7-4fd9-9a9b-de8cc06c4557	2.5	3.25	75	1
eefed63b-8eeb-431b-bb50-63c25798ea83	2.36336960720192	eefed63b-8eeb-431b-bb50-63c25798ea83	1.5	3.5	100	1
76a55b6c-21bd-4ce7-b9c7-dd3ae6340804	2.34109247969152	686509c1-fdca-4255-95fa-005b4947a0d1	2.25	4.25	75	1
76a55b6c-21bd-4ce7-b9c7-dd3ae6340804	2.34109247969152	21bb91af-fb89-4f9b-a2ac-be9e84807e6d	2	4.75	100	1
21bb91af-fb89-4f9b-a2ac-be9e84807e6d	2.08691714817814	686509c1-fdca-4255-95fa-005b4947a0d1	2.25	4.25	75	1
21bb91af-fb89-4f9b-a2ac-be9e84807e6d	2.08691714817814	21bb91af-fb89-4f9b-a2ac-be9e84807e6d	2	4.75	100	1
61fdf88b-1db1-463f-baeb-848a9a1f815d	2.06022269491687	eefed63b-8eeb-431b-bb50-63c25798ea83	1.5	3.5	100	1
9ced877c-497e-45b6-9549-562c758e00fa	3.03134506410732	694a4a01-56e0-494a-b030-0d2757edb4c1	1.25	5	75	2
694a4a01-56e0-494a-b030-0d2757edb4c1	2.78296533020883	694a4a01-56e0-494a-b030-0d2757edb4c1	1.25	5	100	2
694a4a01-56e0-494a-b030-0d2757edb4c1	2.78296533020883	eefed63b-8eeb-431b-bb50-63c25798ea83	1.5	4.25	75	2
a41e2539-2194-4da3-8618-b1f5c7410576	2.59030544249771	8d1e7ea2-26e3-4693-ac85-0c975dac9448	2.75	5	75	2
20c132ad-0c7c-41bf-a35c-5a95fa87892a	2.57562152192166	20c132ad-0c7c-41bf-a35c-5a95fa87892a	3.5	3.75	100	2
8d1e7ea2-26e3-4693-ac85-0c975dac9448	2.55293837201255	8d1e7ea2-26e3-4693-ac85-0c975dac9448	2.75	5	100	2
eefed63b-8eeb-431b-bb50-63c25798ea83	2.51430603548877	694a4a01-56e0-494a-b030-0d2757edb4c1	1.25	5	75	2
eefed63b-8eeb-431b-bb50-63c25798ea83	2.51430603548877	eefed63b-8eeb-431b-bb50-63c25798ea83	1.5	4.25	100	2
76a55b6c-21bd-4ce7-b9c7-dd3ae6340804	2.49060618028444	21bb91af-fb89-4f9b-a2ac-be9e84807e6d	2	4	100	2
21bb91af-fb89-4f9b-a2ac-be9e84807e6d	2.22019795989954	21bb91af-fb89-4f9b-a2ac-be9e84807e6d	2	4	100	2
61fdf88b-1db1-463f-baeb-848a9a1f815d	2.19179866721733	694a4a01-56e0-494a-b030-0d2757edb4c1	1.25	5	75	2
61fdf88b-1db1-463f-baeb-848a9a1f815d	2.19179866721733	eefed63b-8eeb-431b-bb50-63c25798ea83	1.5	4.25	100	2
9ced877c-497e-45b6-9549-562c758e00fa	3.34112102310183	694a4a01-56e0-494a-b030-0d2757edb4c1	1.25	5	75	3
694a4a01-56e0-494a-b030-0d2757edb4c1	3.06735913479079	61fdf88b-1db1-463f-baeb-848a9a1f815d	1.5	5	75	3
694a4a01-56e0-494a-b030-0d2757edb4c1	3.06735913479079	694a4a01-56e0-494a-b030-0d2757edb4c1	1.25	5	100	3
20c132ad-0c7c-41bf-a35c-5a95fa87892a	2.83882667125436	20c132ad-0c7c-41bf-a35c-5a95fa87892a	3.5	5	100	3
eefed63b-8eeb-431b-bb50-63c25798ea83	2.77124529849114	61fdf88b-1db1-463f-baeb-848a9a1f815d	1.5	5	100	3
eefed63b-8eeb-431b-bb50-63c25798ea83	2.77124529849114	694a4a01-56e0-494a-b030-0d2757edb4c1	1.25	5	75	3
76a55b6c-21bd-4ce7-b9c7-dd3ae6340804	2.74512353366851	bc4301e9-9b45-4464-81af-2f180218a093	2.25	4.5	75	3
76a55b6c-21bd-4ce7-b9c7-dd3ae6340804	2.74512353366851	76a55b6c-21bd-4ce7-b9c7-dd3ae6340804	2	4.75	100	3
21bb91af-fb89-4f9b-a2ac-be9e84807e6d	2.44708204647571	bc4301e9-9b45-4464-81af-2f180218a093	2.25	4.5	75	3
21bb91af-fb89-4f9b-a2ac-be9e84807e6d	2.44708204647571	76a55b6c-21bd-4ce7-b9c7-dd3ae6340804	2	4.75	100	3
61fdf88b-1db1-463f-baeb-848a9a1f815d	2.41578060389573	61fdf88b-1db1-463f-baeb-848a9a1f815d	1.5	5	100	3
61fdf88b-1db1-463f-baeb-848a9a1f815d	2.41578060389573	694a4a01-56e0-494a-b030-0d2757edb4c1	1.25	5	75	3
694a4a01-56e0-494a-b030-0d2757edb4c1	2.56550122349884	eefed63b-8eeb-431b-bb50-63c25798ea83	1.5	5	75	4
a41e2539-2194-4da3-8618-b1f5c7410576	2.38789600020935	68171ad7-2b47-4d86-b0bc-1cd6ad9b6cba	2.75	4.25	75	4
a41e2539-2194-4da3-8618-b1f5c7410576	2.38789600020935	8d1e7ea2-26e3-4693-ac85-0c975dac9448	2.75	5	75	4
8d1e7ea2-26e3-4693-ac85-0c975dac9448	2.35344883640424	68171ad7-2b47-4d86-b0bc-1cd6ad9b6cba	2.75	4.25	100	4
8d1e7ea2-26e3-4693-ac85-0c975dac9448	2.35344883640424	8d1e7ea2-26e3-4693-ac85-0c975dac9448	2.75	5	100	4
eefed63b-8eeb-431b-bb50-63c25798ea83	2.31783527396148	eefed63b-8eeb-431b-bb50-63c25798ea83	1.5	5	100	4
76a55b6c-21bd-4ce7-b9c7-dd3ae6340804	2.29598735381773	bc4301e9-9b45-4464-81af-2f180218a093	2.25	4	75	4
21bb91af-fb89-4f9b-a2ac-be9e84807e6d	2.04670914173324	bc4301e9-9b45-4464-81af-2f180218a093	2.25	4	75	4
61fdf88b-1db1-463f-baeb-848a9a1f815d	2.02052900323405	eefed63b-8eeb-431b-bb50-63c25798ea83	1.5	5	100	4
9ced877c-497e-45b6-9549-562c758e00fa	3.14249170184963	9ced877c-497e-45b6-9549-562c758e00fa	1	5	100	5
694a4a01-56e0-494a-b030-0d2757edb4c1	2.88500493035689	61fdf88b-1db1-463f-baeb-848a9a1f815d	1.5	3.75	75	5
694a4a01-56e0-494a-b030-0d2757edb4c1	2.88500493035689	9ced877c-497e-45b6-9549-562c758e00fa	1	5	75	5
a41e2539-2194-4da3-8618-b1f5c7410576	2.68528101755875	a41e2539-2194-4da3-8618-b1f5c7410576	3	5	100	5
8d1e7ea2-26e3-4693-ac85-0c975dac9448	2.64654385517736	a41e2539-2194-4da3-8618-b1f5c7410576	3	5	75	5
8d1e7ea2-26e3-4693-ac85-0c975dac9448	2.64654385517736	d86aef28-5ee7-4fd9-9a9b-de8cc06c4557	2.5	4	75	5
eefed63b-8eeb-431b-bb50-63c25798ea83	2.60649503308661	61fdf88b-1db1-463f-baeb-848a9a1f815d	1.5	3.75	100	5
76a55b6c-21bd-4ce7-b9c7-dd3ae6340804	2.58192620457065	79d48cba-971b-453e-8c5c-8c2bcade78a0	2.25	5	75	5
21bb91af-fb89-4f9b-a2ac-be9e84807e6d	2.30160325529353	79d48cba-971b-453e-8c5c-8c2bcade78a0	2.25	5	75	5
61fdf88b-1db1-463f-baeb-848a9a1f815d	2.27216268011607	61fdf88b-1db1-463f-baeb-848a9a1f815d	1.5	3.75	100	5
694a4a01-56e0-494a-b030-0d2757edb4c1	2.32697530810676	61fdf88b-1db1-463f-baeb-848a9a1f815d	1.5	2.25	75	6
a41e2539-2194-4da3-8618-b1f5c7410576	2.16588278862695	f13bb7bb-9260-4400-affa-377c7236cda2	3.25	3.5	75	6
20c132ad-0c7c-41bf-a35c-5a95fa87892a	2.1536048436348	f13bb7bb-9260-4400-affa-377c7236cda2	3.25	3.5	75	6
20c132ad-0c7c-41bf-a35c-5a95fa87892a	2.1536048436348	20c132ad-0c7c-41bf-a35c-5a95fa87892a	3.5	4	100	6
8d1e7ea2-26e3-4693-ac85-0c975dac9448	2.13463832909659	debd54b6-d961-4098-9292-c51a80caefb2	2.5	4	75	6
eefed63b-8eeb-431b-bb50-63c25798ea83	2.10233591763506	61fdf88b-1db1-463f-baeb-848a9a1f815d	1.5	2.25	100	6
0f667ec6-d35a-4ec1-945f-921a64be56a3	1.89753897268289	d232afdb-9adc-4d08-bfab-7996be42e53e	5	3.25	75	6
0f667ec6-d35a-4ec1-945f-921a64be56a3	1.89753897268289	0f667ec6-d35a-4ec1-945f-921a64be56a3	4.75	3.75	100	6
61fdf88b-1db1-463f-baeb-848a9a1f815d	1.8326715246715	61fdf88b-1db1-463f-baeb-848a9a1f815d	1.5	2.25	100	6
9ced877c-497e-45b6-9549-562c758e00fa	2.09171026684683	9ced877c-497e-45b6-9549-562c758e00fa	1	4.25	100	7
694a4a01-56e0-494a-b030-0d2757edb4c1	1.92032151411046	9ced877c-497e-45b6-9549-562c758e00fa	1	4.25	75	7
76a55b6c-21bd-4ce7-b9c7-dd3ae6340804	1.71858578156852	686509c1-fdca-4255-95fa-005b4947a0d1	2.25	4.5	75	7
0f667ec6-d35a-4ec1-945f-921a64be56a3	1.56593195563635	10a30e85-8a3e-44fb-abba-fd62244ea179	4.75	5	100	7
21bb91af-fb89-4f9b-a2ac-be9e84807e6d	1.53199677814371	686509c1-fdca-4255-95fa-005b4947a0d1	2.25	4.5	75	7
694a4a01-56e0-494a-b030-0d2757edb4c1	2.87375231215662	61fdf88b-1db1-463f-baeb-848a9a1f815d	1.5	4.75	75	8
694a4a01-56e0-494a-b030-0d2757edb4c1	2.87375231215662	eefed63b-8eeb-431b-bb50-63c25798ea83	1.5	3.25	75	8
a41e2539-2194-4da3-8618-b1f5c7410576	2.67480740135344	8d1e7ea2-26e3-4693-ac85-0c975dac9448	2.75	5	75	8
8d1e7ea2-26e3-4693-ac85-0c975dac9448	2.63622132923508	8d1e7ea2-26e3-4693-ac85-0c975dac9448	2.75	5	100	8
eefed63b-8eeb-431b-bb50-63c25798ea83	2.59632871211639	61fdf88b-1db1-463f-baeb-848a9a1f815d	1.5	4.75	100	8
eefed63b-8eeb-431b-bb50-63c25798ea83	2.59632871211639	eefed63b-8eeb-431b-bb50-63c25798ea83	1.5	3.25	100	8
76a55b6c-21bd-4ce7-b9c7-dd3ae6340804	2.57185571302304	534235e5-91a6-4d11-b984-96ff5932c823	2.25	5	75	8
0f667ec6-d35a-4ec1-945f-921a64be56a3	2.34340996124748	0f667ec6-d35a-4ec1-945f-921a64be56a3	4.75	5	100	8
21bb91af-fb89-4f9b-a2ac-be9e84807e6d	2.29262612546525	534235e5-91a6-4d11-b984-96ff5932c823	2.25	5	75	8
61fdf88b-1db1-463f-baeb-848a9a1f815d	2.2633003839366	61fdf88b-1db1-463f-baeb-848a9a1f815d	1.5	4.75	100	8
61fdf88b-1db1-463f-baeb-848a9a1f815d	2.2633003839366	eefed63b-8eeb-431b-bb50-63c25798ea83	1.5	3.25	100	8
694a4a01-56e0-494a-b030-0d2757edb4c1	2.83303648740772	eefed63b-8eeb-431b-bb50-63c25798ea83	1.5	5	75	9
a41e2539-2194-4da3-8618-b1f5c7410576	2.63691026047394	a41e2539-2194-4da3-8618-b1f5c7410576	3	5	100	9
a41e2539-2194-4da3-8618-b1f5c7410576	2.63691026047394	f13bb7bb-9260-4400-affa-377c7236cda2	3.25	1.75	75	9
a41e2539-2194-4da3-8618-b1f5c7410576	2.63691026047394	8d1e7ea2-26e3-4693-ac85-0c975dac9448	2.75	5	75	9
20c132ad-0c7c-41bf-a35c-5a95fa87892a	2.62196214707869	f13bb7bb-9260-4400-affa-377c7236cda2	3.25	1.75	75	9
20c132ad-0c7c-41bf-a35c-5a95fa87892a	2.62196214707869	20c132ad-0c7c-41bf-a35c-5a95fa87892a	3.5	5	100	9
8d1e7ea2-26e3-4693-ac85-0c975dac9448	2.5988708820076	a41e2539-2194-4da3-8618-b1f5c7410576	3	5	75	9
8d1e7ea2-26e3-4693-ac85-0c975dac9448	2.5988708820076	8d1e7ea2-26e3-4693-ac85-0c975dac9448	2.75	5	100	9
eefed63b-8eeb-431b-bb50-63c25798ea83	2.5595434710973	eefed63b-8eeb-431b-bb50-63c25798ea83	1.5	5	100	9
61fdf88b-1db1-463f-baeb-848a9a1f815d	2.23123354527807	eefed63b-8eeb-431b-bb50-63c25798ea83	1.5	5	100	9
20c132ad-0c7c-41bf-a35c-5a95fa87892a	1.50968634218996	20c132ad-0c7c-41bf-a35c-5a95fa87892a	3.5	3	100	10
8d1e7ea2-26e3-4693-ac85-0c975dac9448	1.49639074015458	d86aef28-5ee7-4fd9-9a9b-de8cc06c4557	2.5	3.75	75	10
76a55b6c-21bd-4ce7-b9c7-dd3ae6340804	1.45985506990861	21bb91af-fb89-4f9b-a2ac-be9e84807e6d	2	3	100	10
76a55b6c-21bd-4ce7-b9c7-dd3ae6340804	1.45985506990861	534235e5-91a6-4d11-b984-96ff5932c823	2.25	1.25	75	10
21bb91af-fb89-4f9b-a2ac-be9e84807e6d	1.30135678339303	21bb91af-fb89-4f9b-a2ac-be9e84807e6d	2	3	100	10
21bb91af-fb89-4f9b-a2ac-be9e84807e6d	1.30135678339303	534235e5-91a6-4d11-b984-96ff5932c823	2.25	1.25	75	10
9ced877c-497e-45b6-9549-562c758e00fa	2.58461098544756	9ced877c-497e-45b6-9549-562c758e00fa	1	3.25	100	11
694a4a01-56e0-494a-b030-0d2757edb4c1	2.37283536218981	9ced877c-497e-45b6-9549-562c758e00fa	1	3.25	75	11
a41e2539-2194-4da3-8618-b1f5c7410576	2.20856806481271	86f75337-2fd7-4ef8-9c35-e1035f5482e4	2.75	4.25	75	11
8d1e7ea2-26e3-4693-ac85-0c975dac9448	2.17670783937082	d86aef28-5ee7-4fd9-9a9b-de8cc06c4557	2.5	4	75	11
8d1e7ea2-26e3-4693-ac85-0c975dac9448	2.17670783937082	86f75337-2fd7-4ef8-9c35-e1035f5482e4	2.75	4.25	100	11
eefed63b-8eeb-431b-bb50-63c25798ea83	2.14376881812608	3b947680-2625-4e70-a715-5acf8491b309	1.75	3.75	75	11
76a55b6c-21bd-4ce7-b9c7-dd3ae6340804	2.12356164023678	bc4301e9-9b45-4464-81af-2f180218a093	2.25	4.5	75	11
76a55b6c-21bd-4ce7-b9c7-dd3ae6340804	2.12356164023678	3b947680-2625-4e70-a715-5acf8491b309	1.75	3.75	75	11
21bb91af-fb89-4f9b-a2ac-be9e84807e6d	1.89300390268336	bc4301e9-9b45-4464-81af-2f180218a093	2.25	4.5	75	11
21bb91af-fb89-4f9b-a2ac-be9e84807e6d	1.89300390268336	3b947680-2625-4e70-a715-5acf8491b309	1.75	3.75	75	11
61fdf88b-1db1-463f-baeb-848a9a1f815d	1.86878985815434	3b947680-2625-4e70-a715-5acf8491b309	1.75	3.75	75	11
9ced877c-497e-45b6-9549-562c758e00fa	3.17390185312275	694a4a01-56e0-494a-b030-0d2757edb4c1	1.25	5	75	12
694a4a01-56e0-494a-b030-0d2757edb4c1	2.91384142601696	694a4a01-56e0-494a-b030-0d2757edb4c1	1.25	5	100	12
20c132ad-0c7c-41bf-a35c-5a95fa87892a	2.69674673502183	20c132ad-0c7c-41bf-a35c-5a95fa87892a	3.5	5	100	12
8d1e7ea2-26e3-4693-ac85-0c975dac9448	2.67299686294048	d86aef28-5ee7-4fd9-9a9b-de8cc06c4557	2.5	3.75	75	12
eefed63b-8eeb-431b-bb50-63c25798ea83	2.63254774044526	694a4a01-56e0-494a-b030-0d2757edb4c1	1.25	5	75	12
76a55b6c-21bd-4ce7-b9c7-dd3ae6340804	2.60773333722527	21bb91af-fb89-4f9b-a2ac-be9e84807e6d	2	4.75	100	12
76a55b6c-21bd-4ce7-b9c7-dd3ae6340804	2.60773333722527	534235e5-91a6-4d11-b984-96ff5932c823	2.25	4.5	75	12
21bb91af-fb89-4f9b-a2ac-be9e84807e6d	2.32460847381689	21bb91af-fb89-4f9b-a2ac-be9e84807e6d	2	4.75	100	12
21bb91af-fb89-4f9b-a2ac-be9e84807e6d	2.32460847381689	534235e5-91a6-4d11-b984-96ff5932c823	2.25	4.5	75	12
61fdf88b-1db1-463f-baeb-848a9a1f815d	2.2948736363323	694a4a01-56e0-494a-b030-0d2757edb4c1	1.25	5	75	12
9ced877c-497e-45b6-9549-562c758e00fa	3.1909086368423	694a4a01-56e0-494a-b030-0d2757edb4c1	1.25	5	75	13
694a4a01-56e0-494a-b030-0d2757edb4c1	2.92945471549828	694a4a01-56e0-494a-b030-0d2757edb4c1	1.25	5	100	13
eefed63b-8eeb-431b-bb50-63c25798ea83	2.64665376627107	694a4a01-56e0-494a-b030-0d2757edb4c1	1.25	5	75	13
76a55b6c-21bd-4ce7-b9c7-dd3ae6340804	2.62170640088377	79d48cba-971b-453e-8c5c-8c2bcade78a0	2.25	5	75	13
76a55b6c-21bd-4ce7-b9c7-dd3ae6340804	2.62170640088377	76a55b6c-21bd-4ce7-b9c7-dd3ae6340804	2	4.75	100	13
0f667ec6-d35a-4ec1-945f-921a64be56a3	2.38883265335757	d6169755-eb0d-4ffe-8b01-397bf3e48f8b	4.5	3	75	13
0f667ec6-d35a-4ec1-945f-921a64be56a3	2.38883265335757	0f667ec6-d35a-4ec1-945f-921a64be56a3	4.75	5	100	13
21bb91af-fb89-4f9b-a2ac-be9e84807e6d	2.33706446560786	79d48cba-971b-453e-8c5c-8c2bcade78a0	2.25	5	75	13
21bb91af-fb89-4f9b-a2ac-be9e84807e6d	2.33706446560786	76a55b6c-21bd-4ce7-b9c7-dd3ae6340804	2	4.75	100	13
61fdf88b-1db1-463f-baeb-848a9a1f815d	2.30717029521337	694a4a01-56e0-494a-b030-0d2757edb4c1	1.25	5	75	13
9ced877c-497e-45b6-9549-562c758e00fa	2.61150627169528	9ced877c-497e-45b6-9549-562c758e00fa	1	3.25	100	14
9ced877c-497e-45b6-9549-562c758e00fa	2.61150627169528	75291c0b-2d30-401a-b568-6147335d88a5	1	5	100	14
694a4a01-56e0-494a-b030-0d2757edb4c1	2.39752692979716	9ced877c-497e-45b6-9549-562c758e00fa	1	3.25	75	14
694a4a01-56e0-494a-b030-0d2757edb4c1	2.39752692979716	75291c0b-2d30-401a-b568-6147335d88a5	1	5	75	14
20c132ad-0c7c-41bf-a35c-5a95fa87892a	2.2189000682624	c86f19a7-4709-4fee-a534-cbb721186c55	3.5	4.5	100	14
0f667ec6-d35a-4ec1-945f-921a64be56a3	1.95507054344295	0f667ec6-d35a-4ec1-945f-921a64be56a3	4.75	5	100	14
9ced877c-497e-45b6-9549-562c758e00fa	2.50628577864272	9ced877c-497e-45b6-9549-562c758e00fa	1	3	100	15
694a4a01-56e0-494a-b030-0d2757edb4c1	2.30092790056693	9ced877c-497e-45b6-9549-562c758e00fa	1	3	75	15
20c132ad-0c7c-41bf-a35c-5a95fa87892a	2.12949811400915	20c132ad-0c7c-41bf-a35c-5a95fa87892a	3.5	5	100	15
8d1e7ea2-26e3-4693-ac85-0c975dac9448	2.11074391332264	debd54b6-d961-4098-9292-c51a80caefb2	2.5	4	75	15
76a55b6c-21bd-4ce7-b9c7-dd3ae6340804	2.05920828041219	76a55b6c-21bd-4ce7-b9c7-dd3ae6340804	2	4.75	100	15
21bb91af-fb89-4f9b-a2ac-be9e84807e6d	1.83563746811156	76a55b6c-21bd-4ce7-b9c7-dd3ae6340804	2	4.75	100	15
9ced877c-497e-45b6-9549-562c758e00fa	3.06969781479131	75291c0b-2d30-401a-b568-6147335d88a5	1	5	100	16
694a4a01-56e0-494a-b030-0d2757edb4c1	2.81817556493242	75291c0b-2d30-401a-b568-6147335d88a5	1	5	75	16
eefed63b-8eeb-431b-bb50-63c25798ea83	2.54611717897921	ff492b4b-9780-4b6a-8035-afafaf1a0b7b	1.75	4.25	75	16
76a55b6c-21bd-4ce7-b9c7-dd3ae6340804	2.522117472627	ff492b4b-9780-4b6a-8035-afafaf1a0b7b	1.75	4.25	75	16
76a55b6c-21bd-4ce7-b9c7-dd3ae6340804	2.522117472627	79d48cba-971b-453e-8c5c-8c2bcade78a0	2.25	5	75	16
0f667ec6-d35a-4ec1-945f-921a64be56a3	2.29808973443382	d232afdb-9adc-4d08-bfab-7996be42e53e	5	3.75	75	16
0f667ec6-d35a-4ec1-945f-921a64be56a3	2.29808973443382	0f667ec6-d35a-4ec1-945f-921a64be56a3	4.75	4.5	100	16
21bb91af-fb89-4f9b-a2ac-be9e84807e6d	2.24828803077902	ff492b4b-9780-4b6a-8035-afafaf1a0b7b	1.75	4.25	75	16
21bb91af-fb89-4f9b-a2ac-be9e84807e6d	2.24828803077902	79d48cba-971b-453e-8c5c-8c2bcade78a0	2.25	5	75	16
61fdf88b-1db1-463f-baeb-848a9a1f815d	2.21952943032139	ff492b4b-9780-4b6a-8035-afafaf1a0b7b	1.75	4.25	75	16
9ced877c-497e-45b6-9549-562c758e00fa	2.95722754626769	9ced877c-497e-45b6-9549-562c758e00fa	1	5	100	17
694a4a01-56e0-494a-b030-0d2757edb4c1	2.71492078942719	9ced877c-497e-45b6-9549-562c758e00fa	1	5	75	17
694a4a01-56e0-494a-b030-0d2757edb4c1	2.71492078942719	eefed63b-8eeb-431b-bb50-63c25798ea83	1.5	3.25	75	17
a41e2539-2194-4da3-8618-b1f5c7410576	2.52697150811897	f13bb7bb-9260-4400-affa-377c7236cda2	3.25	3.75	75	17
20c132ad-0c7c-41bf-a35c-5a95fa87892a	2.51264661508241	f13bb7bb-9260-4400-affa-377c7236cda2	3.25	3.75	75	17
eefed63b-8eeb-431b-bb50-63c25798ea83	2.45283031505857	eefed63b-8eeb-431b-bb50-63c25798ea83	1.5	3.25	100	17
76a55b6c-21bd-4ce7-b9c7-dd3ae6340804	2.42970993071574	76a55b6c-21bd-4ce7-b9c7-dd3ae6340804	2	4.75	100	17
21bb91af-fb89-4f9b-a2ac-be9e84807e6d	2.16591329194769	76a55b6c-21bd-4ce7-b9c7-dd3ae6340804	2	4.75	100	17
61fdf88b-1db1-463f-baeb-848a9a1f815d	2.13820837269696	eefed63b-8eeb-431b-bb50-63c25798ea83	1.5	3.25	100	17
9ced877c-497e-45b6-9549-562c758e00fa	3.10670718103892	9ced877c-497e-45b6-9549-562c758e00fa	1	4.75	100	18
694a4a01-56e0-494a-b030-0d2757edb4c1	2.85215249594826	9ced877c-497e-45b6-9549-562c758e00fa	1	4.75	75	18
a41e2539-2194-4da3-8618-b1f5c7410576	2.65470289931827	a41e2539-2194-4da3-8618-b1f5c7410576	3	5	100	18
20c132ad-0c7c-41bf-a35c-5a95fa87892a	2.63965392163285	c86f19a7-4709-4fee-a534-cbb721186c55	3.5	3.5	100	18
8d1e7ea2-26e3-4693-ac85-0c975dac9448	2.61640684872475	a41e2539-2194-4da3-8618-b1f5c7410576	3	5	75	18
8d1e7ea2-26e3-4693-ac85-0c975dac9448	2.61640684872475	debd54b6-d961-4098-9292-c51a80caefb2	2.5	5	75	18
eefed63b-8eeb-431b-bb50-63c25798ea83	2.57681407511576	ff492b4b-9780-4b6a-8035-afafaf1a0b7b	1.75	4.75	75	18
76a55b6c-21bd-4ce7-b9c7-dd3ae6340804	2.55252501945284	ff492b4b-9780-4b6a-8035-afafaf1a0b7b	1.75	4.75	75	18
21bb91af-fb89-4f9b-a2ac-be9e84807e6d	2.27539419471446	ff492b4b-9780-4b6a-8035-afafaf1a0b7b	1.75	4.75	75	18
61fdf88b-1db1-463f-baeb-848a9a1f815d	2.24628886593872	ff492b4b-9780-4b6a-8035-afafaf1a0b7b	1.75	4.75	75	18
9ced877c-497e-45b6-9549-562c758e00fa	2.94457353528599	694a4a01-56e0-494a-b030-0d2757edb4c1	1.25	5	75	19
694a4a01-56e0-494a-b030-0d2757edb4c1	2.70330363651703	694a4a01-56e0-494a-b030-0d2757edb4c1	1.25	5	100	19
694a4a01-56e0-494a-b030-0d2757edb4c1	2.70330363651703	eefed63b-8eeb-431b-bb50-63c25798ea83	1.5	4	75	19
eefed63b-8eeb-431b-bb50-63c25798ea83	2.44233463838762	694a4a01-56e0-494a-b030-0d2757edb4c1	1.25	5	75	19
eefed63b-8eeb-431b-bb50-63c25798ea83	2.44233463838762	eefed63b-8eeb-431b-bb50-63c25798ea83	1.5	4	100	19
76a55b6c-21bd-4ce7-b9c7-dd3ae6340804	2.41931317098252	21bb91af-fb89-4f9b-a2ac-be9e84807e6d	2	4.75	100	19
0f667ec6-d35a-4ec1-945f-921a64be56a3	2.2044170659087	d6169755-eb0d-4ffe-8b01-397bf3e48f8b	4.5	3.25	75	19
21bb91af-fb89-4f9b-a2ac-be9e84807e6d	2.15664531899577	21bb91af-fb89-4f9b-a2ac-be9e84807e6d	2	4.75	100	19
61fdf88b-1db1-463f-baeb-848a9a1f815d	2.12905895187472	694a4a01-56e0-494a-b030-0d2757edb4c1	1.25	5	75	19
61fdf88b-1db1-463f-baeb-848a9a1f815d	2.12905895187472	eefed63b-8eeb-431b-bb50-63c25798ea83	1.5	4	100	19
9ced877c-497e-45b6-9549-562c758e00fa	2.91447168520402	9ced877c-497e-45b6-9549-562c758e00fa	1	5	100	20
694a4a01-56e0-494a-b030-0d2757edb4c1	2.67566822020733	9ced877c-497e-45b6-9549-562c758e00fa	1	5	75	20
a41e2539-2194-4da3-8618-b1f5c7410576	2.49043632762706	a41e2539-2194-4da3-8618-b1f5c7410576	3	5	100	20
a41e2539-2194-4da3-8618-b1f5c7410576	2.49043632762706	f13bb7bb-9260-4400-affa-377c7236cda2	3.25	4.25	75	20
20c132ad-0c7c-41bf-a35c-5a95fa87892a	2.47631854880745	f13bb7bb-9260-4400-affa-377c7236cda2	3.25	4.25	75	20
20c132ad-0c7c-41bf-a35c-5a95fa87892a	2.47631854880745	37b95289-ea7b-4686-b2d2-7ab47fe22aec	3.75	3.75	75	20
8d1e7ea2-26e3-4693-ac85-0c975dac9448	2.45450994760303	a41e2539-2194-4da3-8618-b1f5c7410576	3	5	75	20
0f667ec6-d35a-4ec1-945f-921a64be56a3	2.18188169393926	d6169755-eb0d-4ffe-8b01-397bf3e48f8b	4.5	3	75	20
9ced877c-497e-45b6-9549-562c758e00fa	4.92899994763786	64c7b186-de40-4cad-a1f6-dffe7142c990	1	5	100	21
9ced877c-497e-45b6-9549-562c758e00fa	4.92899994763786	694a4a01-56e0-494a-b030-0d2757edb4c1	1.25	5	75	21
9ced877c-497e-45b6-9549-562c758e00fa	4.92899994763786	9ced877c-497e-45b6-9549-562c758e00fa	1	5	100	21
9ced877c-497e-45b6-9549-562c758e00fa	4.92899994763786	75291c0b-2d30-401a-b568-6147335d88a5	1	5	100	21
694a4a01-56e0-494a-b030-0d2757edb4c1	4.52513180607697	64c7b186-de40-4cad-a1f6-dffe7142c990	1	5	75	21
694a4a01-56e0-494a-b030-0d2757edb4c1	4.52513180607697	61fdf88b-1db1-463f-baeb-848a9a1f815d	1.5	4.75	75	21
694a4a01-56e0-494a-b030-0d2757edb4c1	4.52513180607697	694a4a01-56e0-494a-b030-0d2757edb4c1	1.25	5	100	21
694a4a01-56e0-494a-b030-0d2757edb4c1	4.52513180607697	9ced877c-497e-45b6-9549-562c758e00fa	1	5	75	21
694a4a01-56e0-494a-b030-0d2757edb4c1	4.52513180607697	75291c0b-2d30-401a-b568-6147335d88a5	1	5	75	21
694a4a01-56e0-494a-b030-0d2757edb4c1	4.52513180607697	eefed63b-8eeb-431b-bb50-63c25798ea83	1.5	4	75	21
a41e2539-2194-4da3-8618-b1f5c7410576	4.21186473988187	68171ad7-2b47-4d86-b0bc-1cd6ad9b6cba	2.75	4	75	21
a41e2539-2194-4da3-8618-b1f5c7410576	4.21186473988187	a41e2539-2194-4da3-8618-b1f5c7410576	3	5	100	21
a41e2539-2194-4da3-8618-b1f5c7410576	4.21186473988187	f73b79c3-6390-4cdb-a96a-0a2fae700005	3.25	1.5	75	21
a41e2539-2194-4da3-8618-b1f5c7410576	4.21186473988187	f13bb7bb-9260-4400-affa-377c7236cda2	3.25	4.5	75	21
a41e2539-2194-4da3-8618-b1f5c7410576	4.21186473988187	86f75337-2fd7-4ef8-9c35-e1035f5482e4	2.75	4	75	21
a41e2539-2194-4da3-8618-b1f5c7410576	4.21186473988187	8d1e7ea2-26e3-4693-ac85-0c975dac9448	2.75	4.75	75	21
20c132ad-0c7c-41bf-a35c-5a95fa87892a	4.18798852582723	52d5d688-98d5-455a-97d8-40e74216ec3f	3.75	3	75	21
20c132ad-0c7c-41bf-a35c-5a95fa87892a	4.18798852582723	f73b79c3-6390-4cdb-a96a-0a2fae700005	3.25	1.5	75	21
20c132ad-0c7c-41bf-a35c-5a95fa87892a	4.18798852582723	f13bb7bb-9260-4400-affa-377c7236cda2	3.25	4.5	75	21
20c132ad-0c7c-41bf-a35c-5a95fa87892a	4.18798852582723	20c132ad-0c7c-41bf-a35c-5a95fa87892a	3.5	2.75	100	21
20c132ad-0c7c-41bf-a35c-5a95fa87892a	4.18798852582723	37b95289-ea7b-4686-b2d2-7ab47fe22aec	3.75	3.5	75	21
20c132ad-0c7c-41bf-a35c-5a95fa87892a	4.18798852582723	c86f19a7-4709-4fee-a534-cbb721186c55	3.5	4	100	21
8d1e7ea2-26e3-4693-ac85-0c975dac9448	4.15110547951485	68171ad7-2b47-4d86-b0bc-1cd6ad9b6cba	2.75	4	100	21
8d1e7ea2-26e3-4693-ac85-0c975dac9448	4.15110547951485	a41e2539-2194-4da3-8618-b1f5c7410576	3	5	75	21
8d1e7ea2-26e3-4693-ac85-0c975dac9448	4.15110547951485	d86aef28-5ee7-4fd9-9a9b-de8cc06c4557	2.5	4.25	75	21
8d1e7ea2-26e3-4693-ac85-0c975dac9448	4.15110547951485	86f75337-2fd7-4ef8-9c35-e1035f5482e4	2.75	4	100	21
8d1e7ea2-26e3-4693-ac85-0c975dac9448	4.15110547951485	8d1e7ea2-26e3-4693-ac85-0c975dac9448	2.75	4.75	100	21
8d1e7ea2-26e3-4693-ac85-0c975dac9448	4.15110547951485	debd54b6-d961-4098-9292-c51a80caefb2	2.5	1	75	21
eefed63b-8eeb-431b-bb50-63c25798ea83	4.08828887992665	61fdf88b-1db1-463f-baeb-848a9a1f815d	1.5	4.75	100	21
eefed63b-8eeb-431b-bb50-63c25798ea83	4.08828887992665	3b947680-2625-4e70-a715-5acf8491b309	1.75	5	75	21
eefed63b-8eeb-431b-bb50-63c25798ea83	4.08828887992665	694a4a01-56e0-494a-b030-0d2757edb4c1	1.25	5	75	21
eefed63b-8eeb-431b-bb50-63c25798ea83	4.08828887992665	ff492b4b-9780-4b6a-8035-afafaf1a0b7b	1.75	4.25	75	21
eefed63b-8eeb-431b-bb50-63c25798ea83	4.08828887992665	eefed63b-8eeb-431b-bb50-63c25798ea83	1.5	4	100	21
76a55b6c-21bd-4ce7-b9c7-dd3ae6340804	4.04975265939683	686509c1-fdca-4255-95fa-005b4947a0d1	2.25	3.75	75	21
76a55b6c-21bd-4ce7-b9c7-dd3ae6340804	4.04975265939683	bc4301e9-9b45-4464-81af-2f180218a093	2.25	5	75	21
76a55b6c-21bd-4ce7-b9c7-dd3ae6340804	4.04975265939683	21bb91af-fb89-4f9b-a2ac-be9e84807e6d	2	3	100	21
76a55b6c-21bd-4ce7-b9c7-dd3ae6340804	4.04975265939683	3b947680-2625-4e70-a715-5acf8491b309	1.75	5	75	21
76a55b6c-21bd-4ce7-b9c7-dd3ae6340804	4.04975265939683	534235e5-91a6-4d11-b984-96ff5932c823	2.25	2.75	75	21
76a55b6c-21bd-4ce7-b9c7-dd3ae6340804	4.04975265939683	ff492b4b-9780-4b6a-8035-afafaf1a0b7b	1.75	4.25	75	21
76a55b6c-21bd-4ce7-b9c7-dd3ae6340804	4.04975265939683	79d48cba-971b-453e-8c5c-8c2bcade78a0	2.25	3.75	75	21
76a55b6c-21bd-4ce7-b9c7-dd3ae6340804	4.04975265939683	76a55b6c-21bd-4ce7-b9c7-dd3ae6340804	2	5	100	21
0f667ec6-d35a-4ec1-945f-921a64be56a3	3.69003233389331	83bb2a15-d8bc-4265-bb49-2a018278891a	5	3.5	75	21
0f667ec6-d35a-4ec1-945f-921a64be56a3	3.69003233389331	b47e7d4f-b0ca-48f0-97c5-cf61fe21295b	4.5	1	75	21
0f667ec6-d35a-4ec1-945f-921a64be56a3	3.69003233389331	10a30e85-8a3e-44fb-abba-fd62244ea179	4.75	2.5	100	21
0f667ec6-d35a-4ec1-945f-921a64be56a3	3.69003233389331	d232afdb-9adc-4d08-bfab-7996be42e53e	5	1	75	21
0f667ec6-d35a-4ec1-945f-921a64be56a3	3.69003233389331	d6169755-eb0d-4ffe-8b01-397bf3e48f8b	4.5	2.75	75	21
0f667ec6-d35a-4ec1-945f-921a64be56a3	3.69003233389331	0f667ec6-d35a-4ec1-945f-921a64be56a3	4.75	2.25	100	21
0f667ec6-d35a-4ec1-945f-921a64be56a3	3.69003233389331	c9dee854-7133-47fe-842d-ea4ecc47f8d9	5	2.75	75	21
21bb91af-fb89-4f9b-a2ac-be9e84807e6d	3.61006596016562	686509c1-fdca-4255-95fa-005b4947a0d1	2.25	3.75	75	21
21bb91af-fb89-4f9b-a2ac-be9e84807e6d	3.61006596016562	bc4301e9-9b45-4464-81af-2f180218a093	2.25	5	75	21
21bb91af-fb89-4f9b-a2ac-be9e84807e6d	3.61006596016562	21bb91af-fb89-4f9b-a2ac-be9e84807e6d	2	3	100	21
21bb91af-fb89-4f9b-a2ac-be9e84807e6d	3.61006596016562	3b947680-2625-4e70-a715-5acf8491b309	1.75	5	75	21
21bb91af-fb89-4f9b-a2ac-be9e84807e6d	3.61006596016562	534235e5-91a6-4d11-b984-96ff5932c823	2.25	2.75	75	21
21bb91af-fb89-4f9b-a2ac-be9e84807e6d	3.61006596016562	ff492b4b-9780-4b6a-8035-afafaf1a0b7b	1.75	4.25	75	21
21bb91af-fb89-4f9b-a2ac-be9e84807e6d	3.61006596016562	79d48cba-971b-453e-8c5c-8c2bcade78a0	2.25	3.75	75	21
21bb91af-fb89-4f9b-a2ac-be9e84807e6d	3.61006596016562	76a55b6c-21bd-4ce7-b9c7-dd3ae6340804	2	5	100	21
61fdf88b-1db1-463f-baeb-848a9a1f815d	3.56388840246544	61fdf88b-1db1-463f-baeb-848a9a1f815d	1.5	4.75	100	21
61fdf88b-1db1-463f-baeb-848a9a1f815d	3.56388840246544	3b947680-2625-4e70-a715-5acf8491b309	1.75	5	75	21
61fdf88b-1db1-463f-baeb-848a9a1f815d	3.56388840246544	694a4a01-56e0-494a-b030-0d2757edb4c1	1.25	5	75	21
61fdf88b-1db1-463f-baeb-848a9a1f815d	3.56388840246544	ff492b4b-9780-4b6a-8035-afafaf1a0b7b	1.75	4.25	75	21
61fdf88b-1db1-463f-baeb-848a9a1f815d	3.56388840246544	eefed63b-8eeb-431b-bb50-63c25798ea83	1.5	4	100	21
