694a4a01-56e0-494a-b030-0d2757edb4c1	3.31501121120823	9ced877c-497e-45b6-9549-562c758e00fa	1	5	75	1
694a4a01-56e0-494a-b030-0d2757edb4c1	3.31501121120823	eefed63b-8eeb-431b-bb50-63c25798ea83	1.5	3.5	75	1
eefed63b-8eeb-431b-bb50-63c25798ea83	3.29338209524626	eefed63b-8eeb-431b-bb50-63c25798ea83	1.5	3.5	100	1
64c7b186-de40-4cad-a1f6-dffe7142c990	3.24356861107362	9ced877c-497e-45b6-9549-562c758e00fa	1	5	100	1
9ced877c-497e-45b6-9549-562c758e00fa	3.20859777498855	9ced877c-497e-45b6-9549-562c758e00fa	1	5	100	1
8d1e7ea2-26e3-4693-ac85-0c975dac9448	2.86266593162222	d86aef28-5ee7-4fd9-9a9b-de8cc06c4557	2.5	3.25	75	1
debd54b6-d961-4098-9292-c51a80caefb2	2.74989460827201	686509c1-fdca-4255-95fa-005b4947a0d1	2.25	4.25	75	1
debd54b6-d961-4098-9292-c51a80caefb2	2.74989460827201	d86aef28-5ee7-4fd9-9a9b-de8cc06c4557	2.5	3.25	100	1
bc4301e9-9b45-4464-81af-2f180218a093	2.71561687890579	686509c1-fdca-4255-95fa-005b4947a0d1	2.25	4.25	100	1
bc4301e9-9b45-4464-81af-2f180218a093	2.71561687890579	21bb91af-fb89-4f9b-a2ac-be9e84807e6d	2	4.75	75	1
bc4301e9-9b45-4464-81af-2f180218a093	2.71561687890579	d86aef28-5ee7-4fd9-9a9b-de8cc06c4557	2.5	3.25	75	1
694a4a01-56e0-494a-b030-0d2757edb4c1	3.44207408970253	694a4a01-56e0-494a-b030-0d2757edb4c1	1.25	5	100	2
694a4a01-56e0-494a-b030-0d2757edb4c1	3.44207408970253	eefed63b-8eeb-431b-bb50-63c25798ea83	1.5	4.25	75	2
eefed63b-8eeb-431b-bb50-63c25798ea83	3.41961593564493	694a4a01-56e0-494a-b030-0d2757edb4c1	1.25	5	75	2
eefed63b-8eeb-431b-bb50-63c25798ea83	3.41961593564493	eefed63b-8eeb-431b-bb50-63c25798ea83	1.5	4.25	100	2
64c7b186-de40-4cad-a1f6-dffe7142c990	3.36789312917288	694a4a01-56e0-494a-b030-0d2757edb4c1	1.25	5	75	2
9ced877c-497e-45b6-9549-562c758e00fa	3.33158188343326	694a4a01-56e0-494a-b030-0d2757edb4c1	1.25	5	75	2
a41e2539-2194-4da3-8618-b1f5c7410576	3.25614594718539	8d1e7ea2-26e3-4693-ac85-0c975dac9448	2.75	5	75	2
20c132ad-0c7c-41bf-a35c-5a95fa87892a	2.97842190716218	20c132ad-0c7c-41bf-a35c-5a95fa87892a	3.5	3.75	100	2
8d1e7ea2-26e3-4693-ac85-0c975dac9448	2.97239062065968	8d1e7ea2-26e3-4693-ac85-0c975dac9448	2.75	5	100	2
debd54b6-d961-4098-9292-c51a80caefb2	2.85529682425708	8d1e7ea2-26e3-4693-ac85-0c975dac9448	2.75	5	75	2
bc4301e9-9b45-4464-81af-2f180218a093	2.81970524234971	21bb91af-fb89-4f9b-a2ac-be9e84807e6d	2	4	75	2
694a4a01-56e0-494a-b030-0d2757edb4c1	3.87372560722181	61fdf88b-1db1-463f-baeb-848a9a1f815d	1.5	5	75	3
694a4a01-56e0-494a-b030-0d2757edb4c1	3.87372560722181	694a4a01-56e0-494a-b030-0d2757edb4c1	1.25	5	100	3
eefed63b-8eeb-431b-bb50-63c25798ea83	3.84845109841191	61fdf88b-1db1-463f-baeb-848a9a1f815d	1.5	5	100	3
eefed63b-8eeb-431b-bb50-63c25798ea83	3.84845109841191	694a4a01-56e0-494a-b030-0d2757edb4c1	1.25	5	75	3
64c7b186-de40-4cad-a1f6-dffe7142c990	3.79024201968446	694a4a01-56e0-494a-b030-0d2757edb4c1	1.25	5	75	3
9ced877c-497e-45b6-9549-562c758e00fa	3.74937717691584	694a4a01-56e0-494a-b030-0d2757edb4c1	1.25	5	75	3
20c132ad-0c7c-41bf-a35c-5a95fa87892a	3.35192935913867	20c132ad-0c7c-41bf-a35c-5a95fa87892a	3.5	5	100	3
debd54b6-d961-4098-9292-c51a80caefb2	3.21336384258925	bc4301e9-9b45-4464-81af-2f180218a093	2.25	4.5	75	3
bc4301e9-9b45-4464-81af-2f180218a093	3.17330891774128	bc4301e9-9b45-4464-81af-2f180218a093	2.25	4.5	100	3
bc4301e9-9b45-4464-81af-2f180218a093	3.17330891774128	76a55b6c-21bd-4ce7-b9c7-dd3ae6340804	2	4.75	75	3
694a4a01-56e0-494a-b030-0d2757edb4c1	3.39300866910478	eefed63b-8eeb-431b-bb50-63c25798ea83	1.5	5	75	4
eefed63b-8eeb-431b-bb50-63c25798ea83	3.37087065553377	eefed63b-8eeb-431b-bb50-63c25798ea83	1.5	5	100	4
a41e2539-2194-4da3-8618-b1f5c7410576	3.20973087340997	68171ad7-2b47-4d86-b0bc-1cd6ad9b6cba	2.75	4.25	75	4
a41e2539-2194-4da3-8618-b1f5c7410576	3.20973087340997	8d1e7ea2-26e3-4693-ac85-0c975dac9448	2.75	5	75	4
8d1e7ea2-26e3-4693-ac85-0c975dac9448	2.93002036624759	68171ad7-2b47-4d86-b0bc-1cd6ad9b6cba	2.75	4.25	100	4
8d1e7ea2-26e3-4693-ac85-0c975dac9448	2.93002036624759	8d1e7ea2-26e3-4693-ac85-0c975dac9448	2.75	5	100	4
debd54b6-d961-4098-9292-c51a80caefb2	2.81459569594062	68171ad7-2b47-4d86-b0bc-1cd6ad9b6cba	2.75	4.25	75	4
debd54b6-d961-4098-9292-c51a80caefb2	2.81459569594062	bc4301e9-9b45-4464-81af-2f180218a093	2.25	4	75	4
debd54b6-d961-4098-9292-c51a80caefb2	2.81459569594062	8d1e7ea2-26e3-4693-ac85-0c975dac9448	2.75	5	75	4
bc4301e9-9b45-4464-81af-2f180218a093	2.77951145479926	bc4301e9-9b45-4464-81af-2f180218a093	2.25	4	100	4
694a4a01-56e0-494a-b030-0d2757edb4c1	3.68780309284795	61fdf88b-1db1-463f-baeb-848a9a1f815d	1.5	3.75	75	5
694a4a01-56e0-494a-b030-0d2757edb4c1	3.68780309284795	9ced877c-497e-45b6-9549-562c758e00fa	1	5	75	5
eefed63b-8eeb-431b-bb50-63c25798ea83	3.66374165578976	61fdf88b-1db1-463f-baeb-848a9a1f815d	1.5	3.75	100	5
64c7b186-de40-4cad-a1f6-dffe7142c990	3.60832636748609	9ced877c-497e-45b6-9549-562c758e00fa	1	5	100	5
9ced877c-497e-45b6-9549-562c758e00fa	3.5694228695525	9ced877c-497e-45b6-9549-562c758e00fa	1	5	100	5
a41e2539-2194-4da3-8618-b1f5c7410576	3.48860157781413	a41e2539-2194-4da3-8618-b1f5c7410576	3	5	100	5
8d1e7ea2-26e3-4693-ac85-0c975dac9448	3.18458901260934	a41e2539-2194-4da3-8618-b1f5c7410576	3	5	75	5
8d1e7ea2-26e3-4693-ac85-0c975dac9448	3.18458901260934	d86aef28-5ee7-4fd9-9a9b-de8cc06c4557	2.5	4	75	5
debd54b6-d961-4098-9292-c51a80caefb2	3.0591359124644	d86aef28-5ee7-4fd9-9a9b-de8cc06c4557	2.5	4	100	5
debd54b6-d961-4098-9292-c51a80caefb2	3.0591359124644	79d48cba-971b-453e-8c5c-8c2bcade78a0	2.25	5	75	5
bc4301e9-9b45-4464-81af-2f180218a093	3.02100345609846	d86aef28-5ee7-4fd9-9a9b-de8cc06c4557	2.5	4	75	5
bc4301e9-9b45-4464-81af-2f180218a093	3.02100345609846	79d48cba-971b-453e-8c5c-8c2bcade78a0	2.25	5	100	5
694a4a01-56e0-494a-b030-0d2757edb4c1	3.03412605096402	61fdf88b-1db1-463f-baeb-848a9a1f815d	1.5	2.25	75	6
eefed63b-8eeb-431b-bb50-63c25798ea83	3.014329594649	61fdf88b-1db1-463f-baeb-848a9a1f815d	1.5	2.25	100	6
a41e2539-2194-4da3-8618-b1f5c7410576	2.8702337576401	f13bb7bb-9260-4400-affa-377c7236cda2	3.25	3.5	75	6
20c132ad-0c7c-41bf-a35c-5a95fa87892a	2.62542503761177	f13bb7bb-9260-4400-affa-377c7236cda2	3.25	3.5	75	6
20c132ad-0c7c-41bf-a35c-5a95fa87892a	2.62542503761177	20c132ad-0c7c-41bf-a35c-5a95fa87892a	3.5	4	100	6
8d1e7ea2-26e3-4693-ac85-0c975dac9448	2.62010856909758	debd54b6-d961-4098-9292-c51a80caefb2	2.5	4	75	6
debd54b6-d961-4098-9292-c51a80caefb2	2.51689250529637	debd54b6-d961-4098-9292-c51a80caefb2	2.5	4	100	6
bc4301e9-9b45-4464-81af-2f180218a093	2.48551917099315	debd54b6-d961-4098-9292-c51a80caefb2	2.5	4	75	6
694a4a01-56e0-494a-b030-0d2757edb4c1	2.80900232910248	9ced877c-497e-45b6-9549-562c758e00fa	1	4.25	75	7
64c7b186-de40-4cad-a1f6-dffe7142c990	2.74846484890357	9ced877c-497e-45b6-9549-562c758e00fa	1	4.25	100	7
9ced877c-497e-45b6-9549-562c758e00fa	2.71883202583868	9ced877c-497e-45b6-9549-562c758e00fa	1	4.25	100	7
debd54b6-d961-4098-9292-c51a80caefb2	2.33014607529875	686509c1-fdca-4255-95fa-005b4947a0d1	2.25	4.5	75	7
bc4301e9-9b45-4464-81af-2f180218a093	2.30110055519835	686509c1-fdca-4255-95fa-005b4947a0d1	2.25	4.5	100	7
694a4a01-56e0-494a-b030-0d2757edb4c1	3.63733575571016	61fdf88b-1db1-463f-baeb-848a9a1f815d	1.5	4.75	75	8
694a4a01-56e0-494a-b030-0d2757edb4c1	3.63733575571016	eefed63b-8eeb-431b-bb50-63c25798ea83	1.5	3.25	75	8
eefed63b-8eeb-431b-bb50-63c25798ea83	3.61360359130272	61fdf88b-1db1-463f-baeb-848a9a1f815d	1.5	4.75	100	8
eefed63b-8eeb-431b-bb50-63c25798ea83	3.61360359130272	eefed63b-8eeb-431b-bb50-63c25798ea83	1.5	3.25	100	8
a41e2539-2194-4da3-8618-b1f5c7410576	3.44086029265531	8d1e7ea2-26e3-4693-ac85-0c975dac9448	2.75	5	75	8
8d1e7ea2-26e3-4693-ac85-0c975dac9448	3.14100814252471	8d1e7ea2-26e3-4693-ac85-0c975dac9448	2.75	5	100	8
debd54b6-d961-4098-9292-c51a80caefb2	3.01727187591777	534235e5-91a6-4d11-b984-96ff5932c823	2.25	5	75	8
debd54b6-d961-4098-9292-c51a80caefb2	3.01727187591777	8d1e7ea2-26e3-4693-ac85-0c975dac9448	2.75	5	75	8
bc4301e9-9b45-4464-81af-2f180218a093	2.9796612422023	534235e5-91a6-4d11-b984-96ff5932c823	2.25	5	100	8
694a4a01-56e0-494a-b030-0d2757edb4c1	3.55443964629611	eefed63b-8eeb-431b-bb50-63c25798ea83	1.5	5	75	9
eefed63b-8eeb-431b-bb50-63c25798ea83	3.53124835207068	eefed63b-8eeb-431b-bb50-63c25798ea83	1.5	5	100	9
a41e2539-2194-4da3-8618-b1f5c7410576	3.36244193240223	a41e2539-2194-4da3-8618-b1f5c7410576	3	5	100	9
a41e2539-2194-4da3-8618-b1f5c7410576	3.36244193240223	f13bb7bb-9260-4400-affa-377c7236cda2	3.25	1.75	75	9
a41e2539-2194-4da3-8618-b1f5c7410576	3.36244193240223	8d1e7ea2-26e3-4693-ac85-0c975dac9448	2.75	5	75	9
20c132ad-0c7c-41bf-a35c-5a95fa87892a	3.07565166515458	f13bb7bb-9260-4400-affa-377c7236cda2	3.25	1.75	75	9
20c132ad-0c7c-41bf-a35c-5a95fa87892a	3.07565166515458	20c132ad-0c7c-41bf-a35c-5a95fa87892a	3.5	5	100	9
8d1e7ea2-26e3-4693-ac85-0c975dac9448	3.06942349026442	a41e2539-2194-4da3-8618-b1f5c7410576	3	5	75	9
8d1e7ea2-26e3-4693-ac85-0c975dac9448	3.06942349026442	8d1e7ea2-26e3-4693-ac85-0c975dac9448	2.75	5	100	9
debd54b6-d961-4098-9292-c51a80caefb2	2.9485071997009	8d1e7ea2-26e3-4693-ac85-0c975dac9448	2.75	5	75	9
20c132ad-0c7c-41bf-a35c-5a95fa87892a	1.74664461168054	20c132ad-0c7c-41bf-a35c-5a95fa87892a	3.5	3	100	10
8d1e7ea2-26e3-4693-ac85-0c975dac9448	1.74310767520525	d86aef28-5ee7-4fd9-9a9b-de8cc06c4557	2.5	3.75	75	10
debd54b6-d961-4098-9292-c51a80caefb2	1.6744400113683	d86aef28-5ee7-4fd9-9a9b-de8cc06c4557	2.5	3.75	100	10
debd54b6-d961-4098-9292-c51a80caefb2	1.6744400113683	534235e5-91a6-4d11-b984-96ff5932c823	2.25	1.25	75	10
bc4301e9-9b45-4464-81af-2f180218a093	1.65356793955275	21bb91af-fb89-4f9b-a2ac-be9e84807e6d	2	3	75	10
bc4301e9-9b45-4464-81af-2f180218a093	1.65356793955275	d86aef28-5ee7-4fd9-9a9b-de8cc06c4557	2.5	3.75	75	10
bc4301e9-9b45-4464-81af-2f180218a093	1.65356793955275	534235e5-91a6-4d11-b984-96ff5932c823	2.25	1.25	100	10
0793712a-8c2c-416b-9080-6c70e46664cb	1.63982816313875	0793712a-8c2c-416b-9080-6c70e46664cb	4.25	1.25	100	10
694a4a01-56e0-494a-b030-0d2757edb4c1	3.16770220360739	9ced877c-497e-45b6-9549-562c758e00fa	1	3.25	75	11
eefed63b-8eeb-431b-bb50-63c25798ea83	3.14703421256557	3b947680-2625-4e70-a715-5acf8491b309	1.75	3.75	75	11
64c7b186-de40-4cad-a1f6-dffe7142c990	3.099434280975	9ced877c-497e-45b6-9549-562c758e00fa	1	3.25	100	11
9ced877c-497e-45b6-9549-562c758e00fa	3.06601747257771	9ced877c-497e-45b6-9549-562c758e00fa	1	3.25	100	11
a41e2539-2194-4da3-8618-b1f5c7410576	2.99659460521309	86f75337-2fd7-4ef8-9c35-e1035f5482e4	2.75	4.25	75	11
8d1e7ea2-26e3-4693-ac85-0c975dac9448	2.73545777149704	d86aef28-5ee7-4fd9-9a9b-de8cc06c4557	2.5	4	75	11
8d1e7ea2-26e3-4693-ac85-0c975dac9448	2.73545777149704	86f75337-2fd7-4ef8-9c35-e1035f5482e4	2.75	4.25	100	11
debd54b6-d961-4098-9292-c51a80caefb2	2.62769765556662	bc4301e9-9b45-4464-81af-2f180218a093	2.25	4.5	75	11
debd54b6-d961-4098-9292-c51a80caefb2	2.62769765556662	d86aef28-5ee7-4fd9-9a9b-de8cc06c4557	2.5	4	100	11
debd54b6-d961-4098-9292-c51a80caefb2	2.62769765556662	86f75337-2fd7-4ef8-9c35-e1035f5482e4	2.75	4.25	75	11
bc4301e9-9b45-4464-81af-2f180218a093	2.59494313778965	bc4301e9-9b45-4464-81af-2f180218a093	2.25	4.5	100	11
bc4301e9-9b45-4464-81af-2f180218a093	2.59494313778965	d86aef28-5ee7-4fd9-9a9b-de8cc06c4557	2.5	4	75	11
694a4a01-56e0-494a-b030-0d2757edb4c1	3.75398732483285	694a4a01-56e0-494a-b030-0d2757edb4c1	1.25	5	100	12
eefed63b-8eeb-431b-bb50-63c25798ea83	3.72949406224771	694a4a01-56e0-494a-b030-0d2757edb4c1	1.25	5	75	12
64c7b186-de40-4cad-a1f6-dffe7142c990	3.6730842472858	694a4a01-56e0-494a-b030-0d2757edb4c1	1.25	5	75	12
9ced877c-497e-45b6-9549-562c758e00fa	3.63348255640575	694a4a01-56e0-494a-b030-0d2757edb4c1	1.25	5	75	12
20c132ad-0c7c-41bf-a35c-5a95fa87892a	3.24831999331905	20c132ad-0c7c-41bf-a35c-5a95fa87892a	3.5	5	100	12
8d1e7ea2-26e3-4693-ac85-0c975dac9448	3.24174216660283	d86aef28-5ee7-4fd9-9a9b-de8cc06c4557	2.5	3.75	75	12
debd54b6-d961-4098-9292-c51a80caefb2	3.11403758586956	d86aef28-5ee7-4fd9-9a9b-de8cc06c4557	2.5	3.75	100	12
debd54b6-d961-4098-9292-c51a80caefb2	3.11403758586956	534235e5-91a6-4d11-b984-96ff5932c823	2.25	4.5	75	12
bc4301e9-9b45-4464-81af-2f180218a093	3.07522077426331	21bb91af-fb89-4f9b-a2ac-be9e84807e6d	2	4.75	75	12
bc4301e9-9b45-4464-81af-2f180218a093	3.07522077426331	d86aef28-5ee7-4fd9-9a9b-de8cc06c4557	2.5	3.75	75	12
bc4301e9-9b45-4464-81af-2f180218a093	3.07522077426331	534235e5-91a6-4d11-b984-96ff5932c823	2.25	4.5	100	12
694a4a01-56e0-494a-b030-0d2757edb4c1	3.77191542811804	694a4a01-56e0-494a-b030-0d2757edb4c1	1.25	5	100	13
eefed63b-8eeb-431b-bb50-63c25798ea83	3.74730519084009	694a4a01-56e0-494a-b030-0d2757edb4c1	1.25	5	75	13
64c7b186-de40-4cad-a1f6-dffe7142c990	3.6906259777742	694a4a01-56e0-494a-b030-0d2757edb4c1	1.25	5	75	13
9ced877c-497e-45b6-9549-562c758e00fa	3.65083515992564	694a4a01-56e0-494a-b030-0d2757edb4c1	1.25	5	75	13
debd54b6-d961-4098-9292-c51a80caefb2	3.12890945003295	79d48cba-971b-453e-8c5c-8c2bcade78a0	2.25	5	75	13
bc4301e9-9b45-4464-81af-2f180218a093	3.0899072573511	79d48cba-971b-453e-8c5c-8c2bcade78a0	2.25	5	100	13
bc4301e9-9b45-4464-81af-2f180218a093	3.0899072573511	76a55b6c-21bd-4ce7-b9c7-dd3ae6340804	2	4.75	75	13
0793712a-8c2c-416b-9080-6c70e46664cb	3.06423268307121	d6169755-eb0d-4ffe-8b01-397bf3e48f8b	4.5	3	75	13
694a4a01-56e0-494a-b030-0d2757edb4c1	3.24945540591703	9ced877c-497e-45b6-9549-562c758e00fa	1	3.25	75	14
694a4a01-56e0-494a-b030-0d2757edb4c1	3.24945540591703	75291c0b-2d30-401a-b568-6147335d88a5	1	5	75	14
64c7b186-de40-4cad-a1f6-dffe7142c990	3.17942561359265	9ced877c-497e-45b6-9549-562c758e00fa	1	3.25	100	14
64c7b186-de40-4cad-a1f6-dffe7142c990	3.17942561359265	75291c0b-2d30-401a-b568-6147335d88a5	1	5	100	14
9ced877c-497e-45b6-9549-562c758e00fa	3.14514634404588	9ced877c-497e-45b6-9549-562c758e00fa	1	3.25	100	14
9ced877c-497e-45b6-9549-562c758e00fa	3.14514634404588	75291c0b-2d30-401a-b568-6147335d88a5	1	5	100	14
20c132ad-0c7c-41bf-a35c-5a95fa87892a	2.81174922373122	c86f19a7-4709-4fee-a534-cbb721186c55	3.5	4.5	100	14
694a4a01-56e0-494a-b030-0d2757edb4c1	3.05040951969968	9ced877c-497e-45b6-9549-562c758e00fa	1	3	75	15
64c7b186-de40-4cad-a1f6-dffe7142c990	2.9846694156318	9ced877c-497e-45b6-9549-562c758e00fa	1	3	100	15
9ced877c-497e-45b6-9549-562c758e00fa	2.95248993130325	9ced877c-497e-45b6-9549-562c758e00fa	1	3	100	15
20c132ad-0c7c-41bf-a35c-5a95fa87892a	2.63951510072741	20c132ad-0c7c-41bf-a35c-5a95fa87892a	3.5	5	100	15
8d1e7ea2-26e3-4693-ac85-0c975dac9448	2.63417009985023	debd54b6-d961-4098-9292-c51a80caefb2	2.5	4	75	15
debd54b6-d961-4098-9292-c51a80caefb2	2.53040009869198	debd54b6-d961-4098-9292-c51a80caefb2	2.5	4	100	15
bc4301e9-9b45-4464-81af-2f180218a093	2.4988583907878	76a55b6c-21bd-4ce7-b9c7-dd3ae6340804	2	4.75	75	15
bc4301e9-9b45-4464-81af-2f180218a093	2.4988583907878	debd54b6-d961-4098-9292-c51a80caefb2	2.5	4	75	15
694a4a01-56e0-494a-b030-0d2757edb4c1	3.7271264508014	75291c0b-2d30-401a-b568-6147335d88a5	1	5	75	16
eefed63b-8eeb-431b-bb50-63c25798ea83	3.70280843695141	ff492b4b-9780-4b6a-8035-afafaf1a0b7b	1.75	4.25	75	16
64c7b186-de40-4cad-a1f6-dffe7142c990	3.64680225613833	75291c0b-2d30-401a-b568-6147335d88a5	1	5	100	16
9ced877c-497e-45b6-9549-562c758e00fa	3.6074839302765	75291c0b-2d30-401a-b568-6147335d88a5	1	5	100	16
debd54b6-d961-4098-9292-c51a80caefb2	3.09175573968673	79d48cba-971b-453e-8c5c-8c2bcade78a0	2.25	5	75	16
bc4301e9-9b45-4464-81af-2f180218a093	3.05321666986908	79d48cba-971b-453e-8c5c-8c2bcade78a0	2.25	5	100	16
694a4a01-56e0-494a-b030-0d2757edb4c1	3.44519215869721	9ced877c-497e-45b6-9549-562c758e00fa	1	5	75	17
694a4a01-56e0-494a-b030-0d2757edb4c1	3.44519215869721	eefed63b-8eeb-431b-bb50-63c25798ea83	1.5	3.25	75	17
eefed63b-8eeb-431b-bb50-63c25798ea83	3.42271365936499	eefed63b-8eeb-431b-bb50-63c25798ea83	1.5	3.25	100	17
64c7b186-de40-4cad-a1f6-dffe7142c990	3.37094400558048	9ced877c-497e-45b6-9549-562c758e00fa	1	5	100	17
9ced877c-497e-45b6-9549-562c758e00fa	3.33459987097065	9ced877c-497e-45b6-9549-562c758e00fa	1	5	100	17
a41e2539-2194-4da3-8618-b1f5c7410576	3.2590955955929	f13bb7bb-9260-4400-affa-377c7236cda2	3.25	3.75	75	17
20c132ad-0c7c-41bf-a35c-5a95fa87892a	2.98111996824616	f13bb7bb-9260-4400-affa-377c7236cda2	3.25	3.75	75	17
bc4301e9-9b45-4464-81af-2f180218a093	2.82225953290333	76a55b6c-21bd-4ce7-b9c7-dd3ae6340804	2	4.75	75	17
0793712a-8c2c-416b-9080-6c70e46664cb	2.79880888818082	0793712a-8c2c-416b-9080-6c70e46664cb	4.25	5	100	17
694a4a01-56e0-494a-b030-0d2757edb4c1	3.7060323319368	9ced877c-497e-45b6-9549-562c758e00fa	1	4.75	75	18
eefed63b-8eeb-431b-bb50-63c25798ea83	3.68185195277605	ff492b4b-9780-4b6a-8035-afafaf1a0b7b	1.75	4.75	75	18
64c7b186-de40-4cad-a1f6-dffe7142c990	3.62616274514469	9ced877c-497e-45b6-9549-562c758e00fa	1	4.75	100	18
9ced877c-497e-45b6-9549-562c758e00fa	3.58706694332529	9ced877c-497e-45b6-9549-562c758e00fa	1	4.75	100	18
a41e2539-2194-4da3-8618-b1f5c7410576	3.50584614193894	a41e2539-2194-4da3-8618-b1f5c7410576	3	5	100	18
20c132ad-0c7c-41bf-a35c-5a95fa87892a	3.20682460870795	c86f19a7-4709-4fee-a534-cbb721186c55	3.5	3.5	100	18
8d1e7ea2-26e3-4693-ac85-0c975dac9448	3.20033080599179	a41e2539-2194-4da3-8618-b1f5c7410576	3	5	75	18
8d1e7ea2-26e3-4693-ac85-0c975dac9448	3.20033080599179	debd54b6-d961-4098-9292-c51a80caefb2	2.5	5	75	18
debd54b6-d961-4098-9292-c51a80caefb2	3.07425757949689	debd54b6-d961-4098-9292-c51a80caefb2	2.5	5	100	18
bc4301e9-9b45-4464-81af-2f180218a093	3.03593663261481	debd54b6-d961-4098-9292-c51a80caefb2	2.5	5	75	18
694a4a01-56e0-494a-b030-0d2757edb4c1	3.4164499771507	694a4a01-56e0-494a-b030-0d2757edb4c1	1.25	5	100	19
694a4a01-56e0-494a-b030-0d2757edb4c1	3.4164499771507	eefed63b-8eeb-431b-bb50-63c25798ea83	1.5	4	75	19
eefed63b-8eeb-431b-bb50-63c25798ea83	3.39415901235026	694a4a01-56e0-494a-b030-0d2757edb4c1	1.25	5	75	19
eefed63b-8eeb-431b-bb50-63c25798ea83	3.39415901235026	eefed63b-8eeb-431b-bb50-63c25798ea83	1.5	4	100	19
64c7b186-de40-4cad-a1f6-dffe7142c990	3.34282125241168	694a4a01-56e0-494a-b030-0d2757edb4c1	1.25	5	75	19
9ced877c-497e-45b6-9549-562c758e00fa	3.30678031815295	694a4a01-56e0-494a-b030-0d2757edb4c1	1.25	5	75	19
bc4301e9-9b45-4464-81af-2f180218a093	2.798714281969	21bb91af-fb89-4f9b-a2ac-be9e84807e6d	2	4.75	75	19
0793712a-8c2c-416b-9080-6c70e46664cb	2.77545928367993	0793712a-8c2c-416b-9080-6c70e46664cb	4.25	4.25	100	19
0793712a-8c2c-416b-9080-6c70e46664cb	2.77545928367993	d6169755-eb0d-4ffe-8b01-397bf3e48f8b	4.5	3.25	75	19
694a4a01-56e0-494a-b030-0d2757edb4c1	3.53405498343562	9ced877c-497e-45b6-9549-562c758e00fa	1	5	75	20
64c7b186-de40-4cad-a1f6-dffe7142c990	3.45789172079052	9ced877c-497e-45b6-9549-562c758e00fa	1	5	100	20
9ced877c-497e-45b6-9549-562c758e00fa	3.42061014760243	9ced877c-497e-45b6-9549-562c758e00fa	1	5	100	20
a41e2539-2194-4da3-8618-b1f5c7410576	3.34315837469528	a41e2539-2194-4da3-8618-b1f5c7410576	3	5	100	20
a41e2539-2194-4da3-8618-b1f5c7410576	3.34315837469528	f13bb7bb-9260-4400-affa-377c7236cda2	3.25	4.25	75	20
20c132ad-0c7c-41bf-a35c-5a95fa87892a	3.05801284513955	f13bb7bb-9260-4400-affa-377c7236cda2	3.25	4.25	75	20
20c132ad-0c7c-41bf-a35c-5a95fa87892a	3.05801284513955	37b95289-ea7b-4686-b2d2-7ab47fe22aec	3.75	3.75	75	20
8d1e7ea2-26e3-4693-ac85-0c975dac9448	3.0518203897584	a41e2539-2194-4da3-8618-b1f5c7410576	3	5	75	20
0793712a-8c2c-416b-9080-6c70e46664cb	2.87099936141935	d6169755-eb0d-4ffe-8b01-397bf3e48f8b	4.5	3	75	20
694a4a01-56e0-494a-b030-0d2757edb4c1	2.91046300087674	9ced877c-497e-45b6-9549-562c758e00fa	1	4.75	75	21
64c7b186-de40-4cad-a1f6-dffe7142c990	2.84773891510452	9ced877c-497e-45b6-9549-562c758e00fa	1	4.75	100	21
9ced877c-497e-45b6-9549-562c758e00fa	2.81703576580802	9ced877c-497e-45b6-9549-562c758e00fa	1	4.75	100	21
a41e2539-2194-4da3-8618-b1f5c7410576	2.75325053198642	68171ad7-2b47-4d86-b0bc-1cd6ad9b6cba	2.75	4	75	21
8d1e7ea2-26e3-4693-ac85-0c975dac9448	2.51331978884793	68171ad7-2b47-4d86-b0bc-1cd6ad9b6cba	2.75	4	100	21
debd54b6-d961-4098-9292-c51a80caefb2	2.41431054361225	686509c1-fdca-4255-95fa-005b4947a0d1	2.25	2.5	75	21
debd54b6-d961-4098-9292-c51a80caefb2	2.41431054361225	68171ad7-2b47-4d86-b0bc-1cd6ad9b6cba	2.75	4	75	21
bc4301e9-9b45-4464-81af-2f180218a093	2.38421590793546	686509c1-fdca-4255-95fa-005b4947a0d1	2.25	2.5	100	21
0793712a-8c2c-416b-9080-6c70e46664cb	2.36440504232355	b47e7d4f-b0ca-48f0-97c5-cf61fe21295b	4.5	2.75	75	21
694a4a01-56e0-494a-b030-0d2757edb4c1	4.60077686681893	64c7b186-de40-4cad-a1f6-dffe7142c990	1	5	75	22
694a4a01-56e0-494a-b030-0d2757edb4c1	4.60077686681893	61fdf88b-1db1-463f-baeb-848a9a1f815d	1.5	4.75	75	22
694a4a01-56e0-494a-b030-0d2757edb4c1	4.60077686681893	694a4a01-56e0-494a-b030-0d2757edb4c1	1.25	5	100	22
694a4a01-56e0-494a-b030-0d2757edb4c1	4.60077686681893	9ced877c-497e-45b6-9549-562c758e00fa	1	5	75	22
694a4a01-56e0-494a-b030-0d2757edb4c1	4.60077686681893	75291c0b-2d30-401a-b568-6147335d88a5	1	5	75	22
694a4a01-56e0-494a-b030-0d2757edb4c1	4.60077686681893	eefed63b-8eeb-431b-bb50-63c25798ea83	1.5	4	75	22
eefed63b-8eeb-431b-bb50-63c25798ea83	4.57075859850022	61fdf88b-1db1-463f-baeb-848a9a1f815d	1.5	4.75	100	22
eefed63b-8eeb-431b-bb50-63c25798ea83	4.57075859850022	3b947680-2625-4e70-a715-5acf8491b309	1.75	5	75	22
eefed63b-8eeb-431b-bb50-63c25798ea83	4.57075859850022	694a4a01-56e0-494a-b030-0d2757edb4c1	1.25	5	75	22
eefed63b-8eeb-431b-bb50-63c25798ea83	4.57075859850022	ff492b4b-9780-4b6a-8035-afafaf1a0b7b	1.75	4.25	75	22
eefed63b-8eeb-431b-bb50-63c25798ea83	4.57075859850022	eefed63b-8eeb-431b-bb50-63c25798ea83	1.5	4	100	22
64c7b186-de40-4cad-a1f6-dffe7142c990	4.50162439508226	64c7b186-de40-4cad-a1f6-dffe7142c990	1	5	100	22
64c7b186-de40-4cad-a1f6-dffe7142c990	4.50162439508226	694a4a01-56e0-494a-b030-0d2757edb4c1	1.25	5	75	22
64c7b186-de40-4cad-a1f6-dffe7142c990	4.50162439508226	9ced877c-497e-45b6-9549-562c758e00fa	1	5	100	22
64c7b186-de40-4cad-a1f6-dffe7142c990	4.50162439508226	75291c0b-2d30-401a-b568-6147335d88a5	1	5	100	22
9ced877c-497e-45b6-9549-562c758e00fa	4.45308974156709	64c7b186-de40-4cad-a1f6-dffe7142c990	1	5	100	22
9ced877c-497e-45b6-9549-562c758e00fa	4.45308974156709	694a4a01-56e0-494a-b030-0d2757edb4c1	1.25	5	75	22
9ced877c-497e-45b6-9549-562c758e00fa	4.45308974156709	9ced877c-497e-45b6-9549-562c758e00fa	1	5	100	22
9ced877c-497e-45b6-9549-562c758e00fa	4.45308974156709	75291c0b-2d30-401a-b568-6147335d88a5	1	5	100	22
a41e2539-2194-4da3-8618-b1f5c7410576	4.35225984845981	68171ad7-2b47-4d86-b0bc-1cd6ad9b6cba	2.75	4	75	22
a41e2539-2194-4da3-8618-b1f5c7410576	4.35225984845981	a41e2539-2194-4da3-8618-b1f5c7410576	3	5	100	22
a41e2539-2194-4da3-8618-b1f5c7410576	4.35225984845981	f73b79c3-6390-4cdb-a96a-0a2fae700005	3.25	1.5	75	22
a41e2539-2194-4da3-8618-b1f5c7410576	4.35225984845981	f13bb7bb-9260-4400-affa-377c7236cda2	3.25	4.5	75	22
a41e2539-2194-4da3-8618-b1f5c7410576	4.35225984845981	86f75337-2fd7-4ef8-9c35-e1035f5482e4	2.75	4	75	22
a41e2539-2194-4da3-8618-b1f5c7410576	4.35225984845981	8d1e7ea2-26e3-4693-ac85-0c975dac9448	2.75	4.75	75	22
20c132ad-0c7c-41bf-a35c-5a95fa87892a	3.98104577403608	52d5d688-98d5-455a-97d8-40e74216ec3f	3.75	3	75	22
20c132ad-0c7c-41bf-a35c-5a95fa87892a	3.98104577403608	f73b79c3-6390-4cdb-a96a-0a2fae700005	3.25	1.5	75	22
20c132ad-0c7c-41bf-a35c-5a95fa87892a	3.98104577403608	f13bb7bb-9260-4400-affa-377c7236cda2	3.25	4.5	75	22
20c132ad-0c7c-41bf-a35c-5a95fa87892a	3.98104577403608	20c132ad-0c7c-41bf-a35c-5a95fa87892a	3.5	2.75	100	22
20c132ad-0c7c-41bf-a35c-5a95fa87892a	3.98104577403608	37b95289-ea7b-4686-b2d2-7ab47fe22aec	3.75	3.5	75	22
20c132ad-0c7c-41bf-a35c-5a95fa87892a	3.98104577403608	c86f19a7-4709-4fee-a534-cbb721186c55	3.5	4	100	22
8d1e7ea2-26e3-4693-ac85-0c975dac9448	3.97298418151684	68171ad7-2b47-4d86-b0bc-1cd6ad9b6cba	2.75	4	100	22
8d1e7ea2-26e3-4693-ac85-0c975dac9448	3.97298418151684	a41e2539-2194-4da3-8618-b1f5c7410576	3	5	75	22
8d1e7ea2-26e3-4693-ac85-0c975dac9448	3.97298418151684	d86aef28-5ee7-4fd9-9a9b-de8cc06c4557	2.5	4.25	75	22
8d1e7ea2-26e3-4693-ac85-0c975dac9448	3.97298418151684	86f75337-2fd7-4ef8-9c35-e1035f5482e4	2.75	4	100	22
8d1e7ea2-26e3-4693-ac85-0c975dac9448	3.97298418151684	8d1e7ea2-26e3-4693-ac85-0c975dac9448	2.75	4.75	100	22
8d1e7ea2-26e3-4693-ac85-0c975dac9448	3.97298418151684	debd54b6-d961-4098-9292-c51a80caefb2	2.5	1	75	22
debd54b6-d961-4098-9292-c51a80caefb2	3.81647319526056	686509c1-fdca-4255-95fa-005b4947a0d1	2.25	3.75	75	22
debd54b6-d961-4098-9292-c51a80caefb2	3.81647319526056	68171ad7-2b47-4d86-b0bc-1cd6ad9b6cba	2.75	4	75	22
debd54b6-d961-4098-9292-c51a80caefb2	3.81647319526056	bc4301e9-9b45-4464-81af-2f180218a093	2.25	5	75	22
debd54b6-d961-4098-9292-c51a80caefb2	3.81647319526056	d86aef28-5ee7-4fd9-9a9b-de8cc06c4557	2.5	4.25	100	22
debd54b6-d961-4098-9292-c51a80caefb2	3.81647319526056	86f75337-2fd7-4ef8-9c35-e1035f5482e4	2.75	4	75	22
debd54b6-d961-4098-9292-c51a80caefb2	3.81647319526056	534235e5-91a6-4d11-b984-96ff5932c823	2.25	2.75	75	22
debd54b6-d961-4098-9292-c51a80caefb2	3.81647319526056	79d48cba-971b-453e-8c5c-8c2bcade78a0	2.25	3.75	75	22
debd54b6-d961-4098-9292-c51a80caefb2	3.81647319526056	8d1e7ea2-26e3-4693-ac85-0c975dac9448	2.75	4.75	75	22
debd54b6-d961-4098-9292-c51a80caefb2	3.81647319526056	debd54b6-d961-4098-9292-c51a80caefb2	2.5	1	100	22
bc4301e9-9b45-4464-81af-2f180218a093	3.76890044497804	686509c1-fdca-4255-95fa-005b4947a0d1	2.25	3.75	100	22
bc4301e9-9b45-4464-81af-2f180218a093	3.76890044497804	bc4301e9-9b45-4464-81af-2f180218a093	2.25	5	100	22
bc4301e9-9b45-4464-81af-2f180218a093	3.76890044497804	21bb91af-fb89-4f9b-a2ac-be9e84807e6d	2	3	75	22
bc4301e9-9b45-4464-81af-2f180218a093	3.76890044497804	d86aef28-5ee7-4fd9-9a9b-de8cc06c4557	2.5	4.25	75	22
bc4301e9-9b45-4464-81af-2f180218a093	3.76890044497804	534235e5-91a6-4d11-b984-96ff5932c823	2.25	2.75	100	22
bc4301e9-9b45-4464-81af-2f180218a093	3.76890044497804	79d48cba-971b-453e-8c5c-8c2bcade78a0	2.25	3.75	100	22
bc4301e9-9b45-4464-81af-2f180218a093	3.76890044497804	76a55b6c-21bd-4ce7-b9c7-dd3ae6340804	2	5	75	22
bc4301e9-9b45-4464-81af-2f180218a093	3.76890044497804	debd54b6-d961-4098-9292-c51a80caefb2	2.5	1	75	22
0793712a-8c2c-416b-9080-6c70e46664cb	3.73758399488115	b47e7d4f-b0ca-48f0-97c5-cf61fe21295b	4.5	1	75	22
0793712a-8c2c-416b-9080-6c70e46664cb	3.73758399488115	0793712a-8c2c-416b-9080-6c70e46664cb	4.25	3.25	100	22
0793712a-8c2c-416b-9080-6c70e46664cb	3.73758399488115	d6169755-eb0d-4ffe-8b01-397bf3e48f8b	4.5	2.75	75	22
694a4a01-56e0-494a-b030-0d2757edb4c1	3.25922574520721	64c7b186-de40-4cad-a1f6-dffe7142c990	1	5	75	23
64c7b186-de40-4cad-a1f6-dffe7142c990	3.18898539052299	64c7b186-de40-4cad-a1f6-dffe7142c990	1	5	100	23
9ced877c-497e-45b6-9549-562c758e00fa	3.15460305786497	64c7b186-de40-4cad-a1f6-dffe7142c990	1	5	100	23
a41e2539-2194-4da3-8618-b1f5c7410576	3.08317439585822	f13bb7bb-9260-4400-affa-377c7236cda2	3.25	3	75	23
a41e2539-2194-4da3-8618-b1f5c7410576	3.08317439585822	86f75337-2fd7-4ef8-9c35-e1035f5482e4	2.75	3.75	75	23
20c132ad-0c7c-41bf-a35c-5a95fa87892a	2.82020348574665	f13bb7bb-9260-4400-affa-377c7236cda2	3.25	3	75	23
8d1e7ea2-26e3-4693-ac85-0c975dac9448	2.81449259307612	86f75337-2fd7-4ef8-9c35-e1035f5482e4	2.75	3.75	100	23
debd54b6-d961-4098-9292-c51a80caefb2	2.70361899998418	686509c1-fdca-4255-95fa-005b4947a0d1	2.25	3.5	75	23
debd54b6-d961-4098-9292-c51a80caefb2	2.70361899998418	86f75337-2fd7-4ef8-9c35-e1035f5482e4	2.75	3.75	75	23
debd54b6-d961-4098-9292-c51a80caefb2	2.70361899998418	79d48cba-971b-453e-8c5c-8c2bcade78a0	2.25	4.5	75	23
bc4301e9-9b45-4464-81af-2f180218a093	2.66991810254476	686509c1-fdca-4255-95fa-005b4947a0d1	2.25	3.5	100	23
bc4301e9-9b45-4464-81af-2f180218a093	2.66991810254476	79d48cba-971b-453e-8c5c-8c2bcade78a0	2.25	4.5	100	23
694a4a01-56e0-494a-b030-0d2757edb4c1	3.72872800775083	64c7b186-de40-4cad-a1f6-dffe7142c990	1	5	75	24
694a4a01-56e0-494a-b030-0d2757edb4c1	3.72872800775083	9ced877c-497e-45b6-9549-562c758e00fa	1	5	75	24
eefed63b-8eeb-431b-bb50-63c25798ea83	3.70439955483616	3b947680-2625-4e70-a715-5acf8491b309	1.75	4.75	75	24
64c7b186-de40-4cad-a1f6-dffe7142c990	3.64836929879838	64c7b186-de40-4cad-a1f6-dffe7142c990	1	5	100	24
64c7b186-de40-4cad-a1f6-dffe7142c990	3.64836929879838	9ced877c-497e-45b6-9549-562c758e00fa	1	5	100	24
9ced877c-497e-45b6-9549-562c758e00fa	3.60903407866643	64c7b186-de40-4cad-a1f6-dffe7142c990	1	5	100	24
9ced877c-497e-45b6-9549-562c758e00fa	3.60903407866643	9ced877c-497e-45b6-9549-562c758e00fa	1	5	100	24
debd54b6-d961-4098-9292-c51a80caefb2	3.09308427724617	bc4301e9-9b45-4464-81af-2f180218a093	2.25	4.75	75	24
bc4301e9-9b45-4464-81af-2f180218a093	3.05452865111326	bc4301e9-9b45-4464-81af-2f180218a093	2.25	4.75	100	24
694a4a01-56e0-494a-b030-0d2757edb4c1	3.80314771416439	eefed63b-8eeb-431b-bb50-63c25798ea83	1.5	5	75	25
eefed63b-8eeb-431b-bb50-63c25798ea83	3.77833369589568	3b947680-2625-4e70-a715-5acf8491b309	1.75	4	75	25
eefed63b-8eeb-431b-bb50-63c25798ea83	3.77833369589568	eefed63b-8eeb-431b-bb50-63c25798ea83	1.5	5	100	25
20c132ad-0c7c-41bf-a35c-5a95fa87892a	3.29085840797837	c86f19a7-4709-4fee-a534-cbb721186c55	3.5	4.5	100	25
debd54b6-d961-4098-9292-c51a80caefb2	3.15481750410929	bc4301e9-9b45-4464-81af-2f180218a093	2.25	5	75	25
bc4301e9-9b45-4464-81af-2f180218a093	3.11549236674197	bc4301e9-9b45-4464-81af-2f180218a093	2.25	5	100	25
694a4a01-56e0-494a-b030-0d2757edb4c1	2.97149893701571	eefed63b-8eeb-431b-bb50-63c25798ea83	1.5	5	75	26
eefed63b-8eeb-431b-bb50-63c25798ea83	2.95211109909379	eefed63b-8eeb-431b-bb50-63c25798ea83	1.5	5	100	26
8d1e7ea2-26e3-4693-ac85-0c975dac9448	2.56602715107199	d86aef28-5ee7-4fd9-9a9b-de8cc06c4557	2.5	4.25	75	26
8d1e7ea2-26e3-4693-ac85-0c975dac9448	2.56602715107199	debd54b6-d961-4098-9292-c51a80caefb2	2.5	3	75	26
debd54b6-d961-4098-9292-c51a80caefb2	2.46494156077262	d86aef28-5ee7-4fd9-9a9b-de8cc06c4557	2.5	4.25	100	26
debd54b6-d961-4098-9292-c51a80caefb2	2.46494156077262	debd54b6-d961-4098-9292-c51a80caefb2	2.5	3	100	26
bc4301e9-9b45-4464-81af-2f180218a093	2.43421580035625	d86aef28-5ee7-4fd9-9a9b-de8cc06c4557	2.5	4.25	75	26
bc4301e9-9b45-4464-81af-2f180218a093	2.43421580035625	debd54b6-d961-4098-9292-c51a80caefb2	2.5	3	75	26
0793712a-8c2c-416b-9080-6c70e46664cb	2.41398947928306	0793712a-8c2c-416b-9080-6c70e46664cb	4.25	3.5	100	26
694a4a01-56e0-494a-b030-0d2757edb4c1	3.63420016929928	694a4a01-56e0-494a-b030-0d2757edb4c1	1.25	5	100	27
eefed63b-8eeb-431b-bb50-63c25798ea83	3.610488475736	694a4a01-56e0-494a-b030-0d2757edb4c1	1.25	5	75	27
64c7b186-de40-4cad-a1f6-dffe7142c990	3.55587866038831	694a4a01-56e0-494a-b030-0d2757edb4c1	1.25	5	75	27
9ced877c-497e-45b6-9549-562c758e00fa	3.51754061530465	694a4a01-56e0-494a-b030-0d2757edb4c1	1.25	5	75	27
a41e2539-2194-4da3-8618-b1f5c7410576	3.43789408268924	86f75337-2fd7-4ef8-9c35-e1035f5482e4	2.75	3	75	27
a41e2539-2194-4da3-8618-b1f5c7410576	3.43789408268924	8d1e7ea2-26e3-4693-ac85-0c975dac9448	2.75	5	75	27
8d1e7ea2-26e3-4693-ac85-0c975dac9448	3.13830040339371	86f75337-2fd7-4ef8-9c35-e1035f5482e4	2.75	3	100	27
8d1e7ea2-26e3-4693-ac85-0c975dac9448	3.13830040339371	8d1e7ea2-26e3-4693-ac85-0c975dac9448	2.75	5	100	27
8d1e7ea2-26e3-4693-ac85-0c975dac9448	3.13830040339371	debd54b6-d961-4098-9292-c51a80caefb2	2.5	5	75	27
debd54b6-d961-4098-9292-c51a80caefb2	3.01467078862565	86f75337-2fd7-4ef8-9c35-e1035f5482e4	2.75	3	75	27
debd54b6-d961-4098-9292-c51a80caefb2	3.01467078862565	8d1e7ea2-26e3-4693-ac85-0c975dac9448	2.75	5	75	27
debd54b6-d961-4098-9292-c51a80caefb2	3.01467078862565	debd54b6-d961-4098-9292-c51a80caefb2	2.5	5	100	27
bc4301e9-9b45-4464-81af-2f180218a093	2.97709259400458	debd54b6-d961-4098-9292-c51a80caefb2	2.5	5	75	27
0793712a-8c2c-416b-9080-6c70e46664cb	2.95235541891707	0793712a-8c2c-416b-9080-6c70e46664cb	4.25	4.75	100	27
694a4a01-56e0-494a-b030-0d2757edb4c1	3.46749169323811	64c7b186-de40-4cad-a1f6-dffe7142c990	1	5	75	28
64c7b186-de40-4cad-a1f6-dffe7142c990	3.39276295120232	64c7b186-de40-4cad-a1f6-dffe7142c990	1	5	100	28
9ced877c-497e-45b6-9549-562c758e00fa	3.35618356975938	64c7b186-de40-4cad-a1f6-dffe7142c990	1	5	100	28
a41e2539-2194-4da3-8618-b1f5c7410576	3.28019058681503	68171ad7-2b47-4d86-b0bc-1cd6ad9b6cba	2.75	5	75	28
a41e2539-2194-4da3-8618-b1f5c7410576	3.28019058681503	f13bb7bb-9260-4400-affa-377c7236cda2	3.25	4	75	28
20c132ad-0c7c-41bf-a35c-5a95fa87892a	3.00041572288871	f13bb7bb-9260-4400-affa-377c7236cda2	3.25	4	75	28
8d1e7ea2-26e3-4693-ac85-0c975dac9448	2.99433990066109	68171ad7-2b47-4d86-b0bc-1cd6ad9b6cba	2.75	5	100	28
debd54b6-d961-4098-9292-c51a80caefb2	2.87638143823845	68171ad7-2b47-4d86-b0bc-1cd6ad9b6cba	2.75	5	75	28
0793712a-8c2c-416b-9080-6c70e46664cb	2.81692460458185	0793712a-8c2c-416b-9080-6c70e46664cb	4.25	4.5	100	28
694a4a01-56e0-494a-b030-0d2757edb4c1	3.36048816630937	694a4a01-56e0-494a-b030-0d2757edb4c1	1.25	5	100	29
eefed63b-8eeb-431b-bb50-63c25798ea83	3.3385623296137	694a4a01-56e0-494a-b030-0d2757edb4c1	1.25	5	75	29
64c7b186-de40-4cad-a1f6-dffe7142c990	3.28806549064799	694a4a01-56e0-494a-b030-0d2757edb4c1	1.25	5	75	29
9ced877c-497e-45b6-9549-562c758e00fa	3.25261491365715	694a4a01-56e0-494a-b030-0d2757edb4c1	1.25	5	75	29
bc4301e9-9b45-4464-81af-2f180218a093	2.75287105113275	76a55b6c-21bd-4ce7-b9c7-dd3ae6340804	2	4.75	75	29
0793712a-8c2c-416b-9080-6c70e46664cb	2.72999696951227	b47e7d4f-b0ca-48f0-97c5-cf61fe21295b	4.5	2.25	75	29
eefed63b-8eeb-431b-bb50-63c25798ea83	2.76942947555777	3b947680-2625-4e70-a715-5acf8491b309	1.75	3.5	75	30
a41e2539-2194-4da3-8618-b1f5c7410576	2.63704074528245	a41e2539-2194-4da3-8618-b1f5c7410576	3	5	100	30
a41e2539-2194-4da3-8618-b1f5c7410576	2.63704074528245	86f75337-2fd7-4ef8-9c35-e1035f5482e4	2.75	2.5	75	30
20c132ad-0c7c-41bf-a35c-5a95fa87892a	2.41212157499316	c86f19a7-4709-4fee-a534-cbb721186c55	3.5	2.5	100	30
8d1e7ea2-26e3-4693-ac85-0c975dac9448	2.407237046602	a41e2539-2194-4da3-8618-b1f5c7410576	3	5	75	30
8d1e7ea2-26e3-4693-ac85-0c975dac9448	2.407237046602	86f75337-2fd7-4ef8-9c35-e1035f5482e4	2.75	2.5	100	30
debd54b6-d961-4098-9292-c51a80caefb2	2.31240680432061	86f75337-2fd7-4ef8-9c35-e1035f5482e4	2.75	2.5	75	30
0793712a-8c2c-416b-9080-6c70e46664cb	2.26460772404879	b47e7d4f-b0ca-48f0-97c5-cf61fe21295b	4.5	3	75	30
694a4a01-56e0-494a-b030-0d2757edb4c1	3.16555625817049	61fdf88b-1db1-463f-baeb-848a9a1f815d	1.5	4.25	75	31
eefed63b-8eeb-431b-bb50-63c25798ea83	3.14490227185332	61fdf88b-1db1-463f-baeb-848a9a1f815d	1.5	4.25	100	31
eefed63b-8eeb-431b-bb50-63c25798ea83	3.14490227185332	3b947680-2625-4e70-a715-5acf8491b309	1.75	3.25	75	31
a41e2539-2194-4da3-8618-b1f5c7410576	2.99456458951009	a41e2539-2194-4da3-8618-b1f5c7410576	3	4.25	100	31
a41e2539-2194-4da3-8618-b1f5c7410576	2.99456458951009	f73b79c3-6390-4cdb-a96a-0a2fae700005	3.25	2.5	75	31
a41e2539-2194-4da3-8618-b1f5c7410576	2.99456458951009	8d1e7ea2-26e3-4693-ac85-0c975dac9448	2.75	4.75	75	31
20c132ad-0c7c-41bf-a35c-5a95fa87892a	2.73915141250328	f73b79c3-6390-4cdb-a96a-0a2fae700005	3.25	2.5	75	31
8d1e7ea2-26e3-4693-ac85-0c975dac9448	2.73360464937707	a41e2539-2194-4da3-8618-b1f5c7410576	3	4.25	75	31
8d1e7ea2-26e3-4693-ac85-0c975dac9448	2.73360464937707	8d1e7ea2-26e3-4693-ac85-0c975dac9448	2.75	4.75	100	31
debd54b6-d961-4098-9292-c51a80caefb2	2.6259175415876	8d1e7ea2-26e3-4693-ac85-0c975dac9448	2.75	4.75	75	31
694a4a01-56e0-494a-b030-0d2757edb4c1	3.72337499087704	694a4a01-56e0-494a-b030-0d2757edb4c1	1.25	5	100	32
eefed63b-8eeb-431b-bb50-63c25798ea83	3.69908146143844	694a4a01-56e0-494a-b030-0d2757edb4c1	1.25	5	75	32
64c7b186-de40-4cad-a1f6-dffe7142c990	3.64313164703096	694a4a01-56e0-494a-b030-0d2757edb4c1	1.25	5	75	32
9ced877c-497e-45b6-9549-562c758e00fa	3.60385289282805	694a4a01-56e0-494a-b030-0d2757edb4c1	1.25	5	75	32
a41e2539-2194-4da3-8618-b1f5c7410576	3.52225201317416	a41e2539-2194-4da3-8618-b1f5c7410576	3	5	100	32
8d1e7ea2-26e3-4693-ac85-0c975dac9448	3.21530699639965	a41e2539-2194-4da3-8618-b1f5c7410576	3	5	75	32
8d1e7ea2-26e3-4693-ac85-0c975dac9448	3.21530699639965	debd54b6-d961-4098-9292-c51a80caefb2	2.5	5	75	32
debd54b6-d961-4098-9292-c51a80caefb2	3.0886437977876	686509c1-fdca-4255-95fa-005b4947a0d1	2.25	4.5	75	32
debd54b6-d961-4098-9292-c51a80caefb2	3.0886437977876	debd54b6-d961-4098-9292-c51a80caefb2	2.5	5	100	32
bc4301e9-9b45-4464-81af-2f180218a093	3.05014352246207	686509c1-fdca-4255-95fa-005b4947a0d1	2.25	4.5	100	32
bc4301e9-9b45-4464-81af-2f180218a093	3.05014352246207	debd54b6-d961-4098-9292-c51a80caefb2	2.5	5	75	32
0793712a-8c2c-416b-9080-6c70e46664cb	3.0247993514688	b47e7d4f-b0ca-48f0-97c5-cf61fe21295b	4.5	3.5	75	32
694a4a01-56e0-494a-b030-0d2757edb4c1	3.62916013253049	694a4a01-56e0-494a-b030-0d2757edb4c1	1.25	5	100	33
694a4a01-56e0-494a-b030-0d2757edb4c1	3.62916013253049	eefed63b-8eeb-431b-bb50-63c25798ea83	1.5	5	75	33
eefed63b-8eeb-431b-bb50-63c25798ea83	3.60548131475762	694a4a01-56e0-494a-b030-0d2757edb4c1	1.25	5	75	33
eefed63b-8eeb-431b-bb50-63c25798ea83	3.60548131475762	ff492b4b-9780-4b6a-8035-afafaf1a0b7b	1.75	4.75	75	33
eefed63b-8eeb-431b-bb50-63c25798ea83	3.60548131475762	eefed63b-8eeb-431b-bb50-63c25798ea83	1.5	5	100	33
64c7b186-de40-4cad-a1f6-dffe7142c990	3.55094723055945	694a4a01-56e0-494a-b030-0d2757edb4c1	1.25	5	75	33
9ced877c-497e-45b6-9549-562c758e00fa	3.51266236155282	694a4a01-56e0-494a-b030-0d2757edb4c1	1.25	5	75	33
0793712a-8c2c-416b-9080-6c70e46664cb	2.94826098025597	0793712a-8c2c-416b-9080-6c70e46664cb	4.25	4.25	100	33
0793712a-8c2c-416b-9080-6c70e46664cb	2.94826098025597	d6169755-eb0d-4ffe-8b01-397bf3e48f8b	4.5	3.5	75	33
eefed63b-8eeb-431b-bb50-63c25798ea83	3.37865907523431	ff492b4b-9780-4b6a-8035-afafaf1a0b7b	1.75	5	75	34
8d1e7ea2-26e3-4693-ac85-0c975dac9448	2.93679019922363	d86aef28-5ee7-4fd9-9a9b-de8cc06c4557	2.5	3.75	75	34
debd54b6-d961-4098-9292-c51a80caefb2	2.82109883632935	686509c1-fdca-4255-95fa-005b4947a0d1	2.25	5	75	34
debd54b6-d961-4098-9292-c51a80caefb2	2.82109883632935	d86aef28-5ee7-4fd9-9a9b-de8cc06c4557	2.5	3.75	100	34
bc4301e9-9b45-4464-81af-2f180218a093	2.78593354173551	686509c1-fdca-4255-95fa-005b4947a0d1	2.25	5	100	34
bc4301e9-9b45-4464-81af-2f180218a093	2.78593354173551	d86aef28-5ee7-4fd9-9a9b-de8cc06c4557	2.5	3.75	75	34
a41e2539-2194-4da3-8618-b1f5c7410576	3.36482394157745	68171ad7-2b47-4d86-b0bc-1cd6ad9b6cba	2.75	3.75	75	35
a41e2539-2194-4da3-8618-b1f5c7410576	3.36482394157745	a41e2539-2194-4da3-8618-b1f5c7410576	3	4.75	100	35
20c132ad-0c7c-41bf-a35c-5a95fa87892a	3.07783050726494	20c132ad-0c7c-41bf-a35c-5a95fa87892a	3.5	5	100	35
8d1e7ea2-26e3-4693-ac85-0c975dac9448	3.07159792093958	68171ad7-2b47-4d86-b0bc-1cd6ad9b6cba	2.75	3.75	100	35
8d1e7ea2-26e3-4693-ac85-0c975dac9448	3.07159792093958	a41e2539-2194-4da3-8618-b1f5c7410576	3	4.75	75	35
8d1e7ea2-26e3-4693-ac85-0c975dac9448	3.07159792093958	debd54b6-d961-4098-9292-c51a80caefb2	2.5	4.75	75	35
debd54b6-d961-4098-9292-c51a80caefb2	2.95059597061852	68171ad7-2b47-4d86-b0bc-1cd6ad9b6cba	2.75	3.75	75	35
debd54b6-d961-4098-9292-c51a80caefb2	2.95059597061852	debd54b6-d961-4098-9292-c51a80caefb2	2.5	4.75	100	35
bc4301e9-9b45-4464-81af-2f180218a093	2.91381647637305	debd54b6-d961-4098-9292-c51a80caefb2	2.5	4.75	75	35
0793712a-8c2c-416b-9080-6c70e46664cb	2.88960506985797	d6169755-eb0d-4ffe-8b01-397bf3e48f8b	4.5	3	75	35
694a4a01-56e0-494a-b030-0d2757edb4c1	3.753164141004	64c7b186-de40-4cad-a1f6-dffe7142c990	1	5	75	36
694a4a01-56e0-494a-b030-0d2757edb4c1	3.753164141004	694a4a01-56e0-494a-b030-0d2757edb4c1	1.25	5	100	36
694a4a01-56e0-494a-b030-0d2757edb4c1	3.753164141004	eefed63b-8eeb-431b-bb50-63c25798ea83	1.5	5	75	36
eefed63b-8eeb-431b-bb50-63c25798ea83	3.72867624952937	694a4a01-56e0-494a-b030-0d2757edb4c1	1.25	5	75	36
eefed63b-8eeb-431b-bb50-63c25798ea83	3.72867624952937	ff492b4b-9780-4b6a-8035-afafaf1a0b7b	1.75	4.75	75	36
eefed63b-8eeb-431b-bb50-63c25798ea83	3.72867624952937	eefed63b-8eeb-431b-bb50-63c25798ea83	1.5	5	100	36
64c7b186-de40-4cad-a1f6-dffe7142c990	3.6722788042535	64c7b186-de40-4cad-a1f6-dffe7142c990	1	5	100	36
64c7b186-de40-4cad-a1f6-dffe7142c990	3.6722788042535	694a4a01-56e0-494a-b030-0d2757edb4c1	1.25	5	75	36
9ced877c-497e-45b6-9549-562c758e00fa	3.63268579711275	64c7b186-de40-4cad-a1f6-dffe7142c990	1	5	100	36
9ced877c-497e-45b6-9549-562c758e00fa	3.63268579711275	694a4a01-56e0-494a-b030-0d2757edb4c1	1.25	5	75	36
a41e2539-2194-4da3-8618-b1f5c7410576	3.55043206334662	a41e2539-2194-4da3-8618-b1f5c7410576	3	4.75	100	36
8d1e7ea2-26e3-4693-ac85-0c975dac9448	3.24103130918905	a41e2539-2194-4da3-8618-b1f5c7410576	3	4.75	75	36
eefed63b-8eeb-431b-bb50-63c25798ea83	3.57499826956682	ff492b4b-9780-4b6a-8035-afafaf1a0b7b	1.75	5	75	37
a41e2539-2194-4da3-8618-b1f5c7410576	3.40410044570548	f13bb7bb-9260-4400-affa-377c7236cda2	3.25	4	75	37
20c132ad-0c7c-41bf-a35c-5a95fa87892a	3.11375703215679	f13bb7bb-9260-4400-affa-377c7236cda2	3.25	4	75	37
20c132ad-0c7c-41bf-a35c-5a95fa87892a	3.11375703215679	20c132ad-0c7c-41bf-a35c-5a95fa87892a	3.5	3.75	100	37
8d1e7ea2-26e3-4693-ac85-0c975dac9448	3.10745169374668	debd54b6-d961-4098-9292-c51a80caefb2	2.5	4.5	75	37
debd54b6-d961-4098-9292-c51a80caefb2	2.9850373260039	debd54b6-d961-4098-9292-c51a80caefb2	2.5	4.5	100	37
bc4301e9-9b45-4464-81af-2f180218a093	2.9478285167172	debd54b6-d961-4098-9292-c51a80caefb2	2.5	4.5	75	37
0793712a-8c2c-416b-9080-6c70e46664cb	2.92333449851268	b47e7d4f-b0ca-48f0-97c5-cf61fe21295b	4.5	4.75	75	37
694a4a01-56e0-494a-b030-0d2757edb4c1	3.53693576826495	eefed63b-8eeb-431b-bb50-63c25798ea83	1.5	5	75	38
eefed63b-8eeb-431b-bb50-63c25798ea83	3.51385869335719	eefed63b-8eeb-431b-bb50-63c25798ea83	1.5	5	100	38
20c132ad-0c7c-41bf-a35c-5a95fa87892a	3.06050558951103	52d5d688-98d5-455a-97d8-40e74216ec3f	3.75	3.75	75	38
20c132ad-0c7c-41bf-a35c-5a95fa87892a	3.06050558951103	20c132ad-0c7c-41bf-a35c-5a95fa87892a	3.5	4.5	100	38
debd54b6-d961-4098-9292-c51a80caefb2	2.93398724828628	bc4301e9-9b45-4464-81af-2f180218a093	2.25	4	75	38
debd54b6-d961-4098-9292-c51a80caefb2	2.93398724828628	534235e5-91a6-4d11-b984-96ff5932c823	2.25	4.5	75	38
bc4301e9-9b45-4464-81af-2f180218a093	2.8974147833412	bc4301e9-9b45-4464-81af-2f180218a093	2.25	4	100	38
bc4301e9-9b45-4464-81af-2f180218a093	2.8974147833412	534235e5-91a6-4d11-b984-96ff5932c823	2.25	4.5	100	38
694a4a01-56e0-494a-b030-0d2757edb4c1	3.33979565004172	64c7b186-de40-4cad-a1f6-dffe7142c990	1	5	75	39
694a4a01-56e0-494a-b030-0d2757edb4c1	3.33979565004172	694a4a01-56e0-494a-b030-0d2757edb4c1	1.25	4.5	100	39
eefed63b-8eeb-431b-bb50-63c25798ea83	3.31800481917353	694a4a01-56e0-494a-b030-0d2757edb4c1	1.25	4.5	75	39
64c7b186-de40-4cad-a1f6-dffe7142c990	3.26781891565827	64c7b186-de40-4cad-a1f6-dffe7142c990	1	5	100	39
64c7b186-de40-4cad-a1f6-dffe7142c990	3.26781891565827	694a4a01-56e0-494a-b030-0d2757edb4c1	1.25	4.5	75	39
9ced877c-497e-45b6-9549-562c758e00fa	3.23258663096842	64c7b186-de40-4cad-a1f6-dffe7142c990	1	5	100	39
9ced877c-497e-45b6-9549-562c758e00fa	3.23258663096842	694a4a01-56e0-494a-b030-0d2757edb4c1	1.25	4.5	75	39
a41e2539-2194-4da3-8618-b1f5c7410576	3.15939221233488	86f75337-2fd7-4ef8-9c35-e1035f5482e4	2.75	4.25	75	39
8d1e7ea2-26e3-4693-ac85-0c975dac9448	2.88406844465274	d86aef28-5ee7-4fd9-9a9b-de8cc06c4557	2.5	2	75	39
8d1e7ea2-26e3-4693-ac85-0c975dac9448	2.88406844465274	86f75337-2fd7-4ef8-9c35-e1035f5482e4	2.75	4.25	100	39
debd54b6-d961-4098-9292-c51a80caefb2	2.77045399501081	d86aef28-5ee7-4fd9-9a9b-de8cc06c4557	2.5	2	100	39
debd54b6-d961-4098-9292-c51a80caefb2	2.77045399501081	86f75337-2fd7-4ef8-9c35-e1035f5482e4	2.75	4.25	75	39
bc4301e9-9b45-4464-81af-2f180218a093	2.73591998979195	21bb91af-fb89-4f9b-a2ac-be9e84807e6d	2	4.75	75	39
bc4301e9-9b45-4464-81af-2f180218a093	2.73591998979195	d86aef28-5ee7-4fd9-9a9b-de8cc06c4557	2.5	2	75	39
694a4a01-56e0-494a-b030-0d2757edb4c1	3.56107051821003	64c7b186-de40-4cad-a1f6-dffe7142c990	1	5	75	40
694a4a01-56e0-494a-b030-0d2757edb4c1	3.56107051821003	75291c0b-2d30-401a-b568-6147335d88a5	1	4.5	75	40
64c7b186-de40-4cad-a1f6-dffe7142c990	3.48432503616884	64c7b186-de40-4cad-a1f6-dffe7142c990	1	5	100	40
64c7b186-de40-4cad-a1f6-dffe7142c990	3.48432503616884	75291c0b-2d30-401a-b568-6147335d88a5	1	4.5	100	40
9ced877c-497e-45b6-9549-562c758e00fa	3.44675847025337	64c7b186-de40-4cad-a1f6-dffe7142c990	1	5	100	40
9ced877c-497e-45b6-9549-562c758e00fa	3.44675847025337	75291c0b-2d30-401a-b568-6147335d88a5	1	4.5	100	40
a41e2539-2194-4da3-8618-b1f5c7410576	3.36871462938705	86f75337-2fd7-4ef8-9c35-e1035f5482e4	2.75	4.5	75	40
8d1e7ea2-26e3-4693-ac85-0c975dac9448	3.07514955640115	86f75337-2fd7-4ef8-9c35-e1035f5482e4	2.75	4.5	100	40
debd54b6-d961-4098-9292-c51a80caefb2	2.95400769381904	686509c1-fdca-4255-95fa-005b4947a0d1	2.25	3.5	75	40
debd54b6-d961-4098-9292-c51a80caefb2	2.95400769381904	86f75337-2fd7-4ef8-9c35-e1035f5482e4	2.75	4.5	75	40
bc4301e9-9b45-4464-81af-2f180218a093	2.91718567150793	686509c1-fdca-4255-95fa-005b4947a0d1	2.25	3.5	100	40
0793712a-8c2c-416b-9080-6c70e46664cb	2.89294627090238	0793712a-8c2c-416b-9080-6c70e46664cb	4.25	4.5	100	40
694a4a01-56e0-494a-b030-0d2757edb4c1	3.06086574766171	61fdf88b-1db1-463f-baeb-848a9a1f815d	1.5	3.75	75	41
694a4a01-56e0-494a-b030-0d2757edb4c1	3.06086574766171	75291c0b-2d30-401a-b568-6147335d88a5	1	3	75	41
eefed63b-8eeb-431b-bb50-63c25798ea83	3.04089483955289	61fdf88b-1db1-463f-baeb-848a9a1f815d	1.5	3.75	100	41
64c7b186-de40-4cad-a1f6-dffe7142c990	2.99490031512215	75291c0b-2d30-401a-b568-6147335d88a5	1	3	100	41
9ced877c-497e-45b6-9549-562c758e00fa	2.96261051603732	75291c0b-2d30-401a-b568-6147335d88a5	1	3	100	41
a41e2539-2194-4da3-8618-b1f5c7410576	2.89552908663038	86f75337-2fd7-4ef8-9c35-e1035f5482e4	2.75	4	75	41
20c132ad-0c7c-41bf-a35c-5a95fa87892a	2.64856287280999	20c132ad-0c7c-41bf-a35c-5a95fa87892a	3.5	3.25	100	41
8d1e7ea2-26e3-4693-ac85-0c975dac9448	2.64319954859551	86f75337-2fd7-4ef8-9c35-e1035f5482e4	2.75	4	100	41
debd54b6-d961-4098-9292-c51a80caefb2	2.53907384085605	86f75337-2fd7-4ef8-9c35-e1035f5482e4	2.75	4	75	41
0793712a-8c2c-416b-9080-6c70e46664cb	2.48658939615295	b47e7d4f-b0ca-48f0-97c5-cf61fe21295b	4.5	5	75	41
694a4a01-56e0-494a-b030-0d2757edb4c1	3.53153128975616	64c7b186-de40-4cad-a1f6-dffe7142c990	1	5	75	42
eefed63b-8eeb-431b-bb50-63c25798ea83	3.50848946353814	3b947680-2625-4e70-a715-5acf8491b309	1.75	4.75	75	42
eefed63b-8eeb-431b-bb50-63c25798ea83	3.50848946353814	ff492b4b-9780-4b6a-8035-afafaf1a0b7b	1.75	4.25	75	42
64c7b186-de40-4cad-a1f6-dffe7142c990	3.45542241472914	64c7b186-de40-4cad-a1f6-dffe7142c990	1	5	100	42
9ced877c-497e-45b6-9549-562c758e00fa	3.41816746579934	64c7b186-de40-4cad-a1f6-dffe7142c990	1	5	100	42
20c132ad-0c7c-41bf-a35c-5a95fa87892a	3.05582909662107	52d5d688-98d5-455a-97d8-40e74216ec3f	3.75	4	75	42
debd54b6-d961-4098-9292-c51a80caefb2	2.92950407617216	686509c1-fdca-4255-95fa-005b4947a0d1	2.25	3.75	75	42
bc4301e9-9b45-4464-81af-2f180218a093	2.89298749465009	686509c1-fdca-4255-95fa-005b4947a0d1	2.25	3.75	100	42
20c132ad-0c7c-41bf-a35c-5a95fa87892a	3.31990850307619	c86f19a7-4709-4fee-a534-cbb721186c55	3.5	4.25	100	43
debd54b6-d961-4098-9292-c51a80caefb2	3.18266669599628	686509c1-fdca-4255-95fa-005b4947a0d1	2.25	5	75	43
debd54b6-d961-4098-9292-c51a80caefb2	3.18266669599628	bc4301e9-9b45-4464-81af-2f180218a093	2.25	4.5	75	43
debd54b6-d961-4098-9292-c51a80caefb2	3.18266669599628	534235e5-91a6-4d11-b984-96ff5932c823	2.25	4.25	75	43
debd54b6-d961-4098-9292-c51a80caefb2	3.18266669599628	79d48cba-971b-453e-8c5c-8c2bcade78a0	2.25	5	75	43
bc4301e9-9b45-4464-81af-2f180218a093	3.142994415281	686509c1-fdca-4255-95fa-005b4947a0d1	2.25	5	100	43
bc4301e9-9b45-4464-81af-2f180218a093	3.142994415281	bc4301e9-9b45-4464-81af-2f180218a093	2.25	4.5	100	43
bc4301e9-9b45-4464-81af-2f180218a093	3.142994415281	534235e5-91a6-4d11-b984-96ff5932c823	2.25	4.25	100	43
bc4301e9-9b45-4464-81af-2f180218a093	3.142994415281	79d48cba-971b-453e-8c5c-8c2bcade78a0	2.25	5	100	43
694a4a01-56e0-494a-b030-0d2757edb4c1	3.5186902512993	61fdf88b-1db1-463f-baeb-848a9a1f815d	1.5	4.25	75	44
eefed63b-8eeb-431b-bb50-63c25798ea83	3.49573223194803	61fdf88b-1db1-463f-baeb-848a9a1f815d	1.5	4.25	100	44
a41e2539-2194-4da3-8618-b1f5c7410576	3.32862359047042	68171ad7-2b47-4d86-b0bc-1cd6ad9b6cba	2.75	3.75	75	44
20c132ad-0c7c-41bf-a35c-5a95fa87892a	3.04471776667305	37b95289-ea7b-4686-b2d2-7ab47fe22aec	3.75	4	75	44
8d1e7ea2-26e3-4693-ac85-0c975dac9448	3.03855223288865	68171ad7-2b47-4d86-b0bc-1cd6ad9b6cba	2.75	3.75	100	44
8d1e7ea2-26e3-4693-ac85-0c975dac9448	3.03855223288865	debd54b6-d961-4098-9292-c51a80caefb2	2.5	5	75	44
debd54b6-d961-4098-9292-c51a80caefb2	2.91885207066821	68171ad7-2b47-4d86-b0bc-1cd6ad9b6cba	2.75	3.75	75	44
debd54b6-d961-4098-9292-c51a80caefb2	2.91885207066821	534235e5-91a6-4d11-b984-96ff5932c823	2.25	3.75	75	44
debd54b6-d961-4098-9292-c51a80caefb2	2.91885207066821	debd54b6-d961-4098-9292-c51a80caefb2	2.5	5	100	44
bc4301e9-9b45-4464-81af-2f180218a093	2.88246826663655	534235e5-91a6-4d11-b984-96ff5932c823	2.25	3.75	100	44
bc4301e9-9b45-4464-81af-2f180218a093	2.88246826663655	debd54b6-d961-4098-9292-c51a80caefb2	2.5	5	75	44
694a4a01-56e0-494a-b030-0d2757edb4c1	3.39007142479379	64c7b186-de40-4cad-a1f6-dffe7142c990	1	5	75	45
694a4a01-56e0-494a-b030-0d2757edb4c1	3.39007142479379	eefed63b-8eeb-431b-bb50-63c25798ea83	1.5	4.5	75	45
eefed63b-8eeb-431b-bb50-63c25798ea83	3.36795256177806	eefed63b-8eeb-431b-bb50-63c25798ea83	1.5	4.5	100	45
64c7b186-de40-4cad-a1f6-dffe7142c990	3.31701117149804	64c7b186-de40-4cad-a1f6-dffe7142c990	1	5	100	45
9ced877c-497e-45b6-9549-562c758e00fa	3.28124852676955	64c7b186-de40-4cad-a1f6-dffe7142c990	1	5	100	45
20c132ad-0c7c-41bf-a35c-5a95fa87892a	2.93342406913041	37b95289-ea7b-4686-b2d2-7ab47fe22aec	3.75	4.75	75	45
0793712a-8c2c-416b-9080-6c70e46664cb	2.75402984158742	0793712a-8c2c-416b-9080-6c70e46664cb	4.25	4.5	100	45
694a4a01-56e0-494a-b030-0d2757edb4c1	3.60907492224755	694a4a01-56e0-494a-b030-0d2757edb4c1	1.25	4.75	100	46
694a4a01-56e0-494a-b030-0d2757edb4c1	3.60907492224755	75291c0b-2d30-401a-b568-6147335d88a5	1	5	75	46
694a4a01-56e0-494a-b030-0d2757edb4c1	3.60907492224755	eefed63b-8eeb-431b-bb50-63c25798ea83	1.5	5	75	46
eefed63b-8eeb-431b-bb50-63c25798ea83	3.58552715501001	694a4a01-56e0-494a-b030-0d2757edb4c1	1.25	4.75	75	46
eefed63b-8eeb-431b-bb50-63c25798ea83	3.58552715501001	eefed63b-8eeb-431b-bb50-63c25798ea83	1.5	5	100	46
64c7b186-de40-4cad-a1f6-dffe7142c990	3.53129488655373	694a4a01-56e0-494a-b030-0d2757edb4c1	1.25	4.75	75	46
64c7b186-de40-4cad-a1f6-dffe7142c990	3.53129488655373	75291c0b-2d30-401a-b568-6147335d88a5	1	5	100	46
9ced877c-497e-45b6-9549-562c758e00fa	3.49322191050947	694a4a01-56e0-494a-b030-0d2757edb4c1	1.25	4.75	75	46
9ced877c-497e-45b6-9549-562c758e00fa	3.49322191050947	75291c0b-2d30-401a-b568-6147335d88a5	1	5	100	46
a41e2539-2194-4da3-8618-b1f5c7410576	3.41412601252121	86f75337-2fd7-4ef8-9c35-e1035f5482e4	2.75	4.75	75	46
8d1e7ea2-26e3-4693-ac85-0c975dac9448	3.11660358590087	86f75337-2fd7-4ef8-9c35-e1035f5482e4	2.75	4.75	100	46
debd54b6-d961-4098-9292-c51a80caefb2	2.99382869083987	86f75337-2fd7-4ef8-9c35-e1035f5482e4	2.75	4.75	75	46
694a4a01-56e0-494a-b030-0d2757edb4c1	3.39535428507449	64c7b186-de40-4cad-a1f6-dffe7142c990	1	5	75	47
eefed63b-8eeb-431b-bb50-63c25798ea83	3.37320095925279	ff492b4b-9780-4b6a-8035-afafaf1a0b7b	1.75	2.5	75	47
64c7b186-de40-4cad-a1f6-dffe7142c990	3.32218019381514	64c7b186-de40-4cad-a1f6-dffe7142c990	1	5	100	47
9ced877c-497e-45b6-9549-562c758e00fa	3.28636180680738	64c7b186-de40-4cad-a1f6-dffe7142c990	1	5	100	47
a41e2539-2194-4da3-8618-b1f5c7410576	3.21194977550029	86f75337-2fd7-4ef8-9c35-e1035f5482e4	2.75	4.75	75	47
8d1e7ea2-26e3-4693-ac85-0c975dac9448	2.93204590319916	86f75337-2fd7-4ef8-9c35-e1035f5482e4	2.75	4.75	100	47
8d1e7ea2-26e3-4693-ac85-0c975dac9448	2.93204590319916	debd54b6-d961-4098-9292-c51a80caefb2	2.5	4.5	75	47
debd54b6-d961-4098-9292-c51a80caefb2	2.81654143877379	86f75337-2fd7-4ef8-9c35-e1035f5482e4	2.75	4.75	75	47
debd54b6-d961-4098-9292-c51a80caefb2	2.81654143877379	debd54b6-d961-4098-9292-c51a80caefb2	2.5	4.5	100	47
bc4301e9-9b45-4464-81af-2f180218a093	2.78143294845541	76a55b6c-21bd-4ce7-b9c7-dd3ae6340804	2	4.25	75	47
bc4301e9-9b45-4464-81af-2f180218a093	2.78143294845541	debd54b6-d961-4098-9292-c51a80caefb2	2.5	4.5	75	47
694a4a01-56e0-494a-b030-0d2757edb4c1	3.14280694625443	64c7b186-de40-4cad-a1f6-dffe7142c990	1	5	75	48
eefed63b-8eeb-431b-bb50-63c25798ea83	3.12230138193725	3b947680-2625-4e70-a715-5acf8491b309	1.75	5	75	48
64c7b186-de40-4cad-a1f6-dffe7142c990	3.07507556214738	64c7b186-de40-4cad-a1f6-dffe7142c990	1	5	100	48
9ced877c-497e-45b6-9549-562c758e00fa	3.04192136159173	64c7b186-de40-4cad-a1f6-dffe7142c990	1	5	100	48
8d1e7ea2-26e3-4693-ac85-0c975dac9448	2.71395955977106	d86aef28-5ee7-4fd9-9a9b-de8cc06c4557	2.5	1.25	75	48
debd54b6-d961-4098-9292-c51a80caefb2	2.60704635485588	d86aef28-5ee7-4fd9-9a9b-de8cc06c4557	2.5	1.25	100	48
debd54b6-d961-4098-9292-c51a80caefb2	2.60704635485588	79d48cba-971b-453e-8c5c-8c2bcade78a0	2.25	5	75	48
bc4301e9-9b45-4464-81af-2f180218a093	2.57454923483615	d86aef28-5ee7-4fd9-9a9b-de8cc06c4557	2.5	1.25	75	48
bc4301e9-9b45-4464-81af-2f180218a093	2.57454923483615	79d48cba-971b-453e-8c5c-8c2bcade78a0	2.25	5	100	48
694a4a01-56e0-494a-b030-0d2757edb4c1	3.6591658648873	eefed63b-8eeb-431b-bb50-63c25798ea83	1.5	5	75	49
eefed63b-8eeb-431b-bb50-63c25798ea83	3.63529126857782	3b947680-2625-4e70-a715-5acf8491b309	1.75	4.25	75	49
eefed63b-8eeb-431b-bb50-63c25798ea83	3.63529126857782	eefed63b-8eeb-431b-bb50-63c25798ea83	1.5	5	100	49
a41e2539-2194-4da3-8618-b1f5c7410576	3.46151122659981	8d1e7ea2-26e3-4693-ac85-0c975dac9448	2.75	5	75	49
20c132ad-0c7c-41bf-a35c-5a95fa87892a	3.1662711156776	20c132ad-0c7c-41bf-a35c-5a95fa87892a	3.5	4	100	49
8d1e7ea2-26e3-4693-ac85-0c975dac9448	3.15985943748753	8d1e7ea2-26e3-4693-ac85-0c975dac9448	2.75	5	100	49
debd54b6-d961-4098-9292-c51a80caefb2	3.0353805288661	8d1e7ea2-26e3-4693-ac85-0c975dac9448	2.75	5	75	49
0793712a-8c2c-416b-9080-6c70e46664cb	2.9726370724769	0793712a-8c2c-416b-9080-6c70e46664cb	4.25	4.75	100	49
694a4a01-56e0-494a-b030-0d2757edb4c1	3.20811969466453	eefed63b-8eeb-431b-bb50-63c25798ea83	1.5	3.75	75	50
eefed63b-8eeb-431b-bb50-63c25798ea83	3.18718799761296	eefed63b-8eeb-431b-bb50-63c25798ea83	1.5	3.75	100	50
a41e2539-2194-4da3-8618-b1f5c7410576	3.03482889984348	a41e2539-2194-4da3-8618-b1f5c7410576	3	4.5	100	50
8d1e7ea2-26e3-4693-ac85-0c975dac9448	2.77036014950151	a41e2539-2194-4da3-8618-b1f5c7410576	3	4.5	75	50
8d1e7ea2-26e3-4693-ac85-0c975dac9448	2.77036014950151	debd54b6-d961-4098-9292-c51a80caefb2	2.5	4.25	75	50
debd54b6-d961-4098-9292-c51a80caefb2	2.66122510554977	534235e5-91a6-4d11-b984-96ff5932c823	2.25	3.75	75	50
debd54b6-d961-4098-9292-c51a80caefb2	2.66122510554977	debd54b6-d961-4098-9292-c51a80caefb2	2.5	4.25	100	50
bc4301e9-9b45-4464-81af-2f180218a093	2.62805264803628	534235e5-91a6-4d11-b984-96ff5932c823	2.25	3.75	100	50
bc4301e9-9b45-4464-81af-2f180218a093	2.62805264803628	debd54b6-d961-4098-9292-c51a80caefb2	2.5	4.25	75	50
694a4a01-56e0-494a-b030-0d2757edb4c1	3.4618168643108	61fdf88b-1db1-463f-baeb-848a9a1f815d	1.5	3.75	75	51
694a4a01-56e0-494a-b030-0d2757edb4c1	3.4618168643108	9ced877c-497e-45b6-9549-562c758e00fa	1	5	75	51
eefed63b-8eeb-431b-bb50-63c25798ea83	3.43922989729555	61fdf88b-1db1-463f-baeb-848a9a1f815d	1.5	3.75	100	51
64c7b186-de40-4cad-a1f6-dffe7142c990	3.38721042261004	9ced877c-497e-45b6-9549-562c758e00fa	1	5	100	51
9ced877c-497e-45b6-9549-562c758e00fa	3.35069091651754	9ced877c-497e-45b6-9549-562c758e00fa	1	5	100	51
a41e2539-2194-4da3-8618-b1f5c7410576	3.27482229711106	f73b79c3-6390-4cdb-a96a-0a2fae700005	3.25	3	75	51
20c132ad-0c7c-41bf-a35c-5a95fa87892a	2.99550530506532	f73b79c3-6390-4cdb-a96a-0a2fae700005	3.25	3	75	51
bc4301e9-9b45-4464-81af-2f180218a093	2.83587828678023	21bb91af-fb89-4f9b-a2ac-be9e84807e6d	2	4.75	75	51
694a4a01-56e0-494a-b030-0d2757edb4c1	3.26600359735953	9ced877c-497e-45b6-9549-562c758e00fa	1	5	75	52
64c7b186-de40-4cad-a1f6-dffe7142c990	3.19561717807971	9ced877c-497e-45b6-9549-562c758e00fa	1	5	100	52
9ced877c-497e-45b6-9549-562c758e00fa	3.16116331804524	9ced877c-497e-45b6-9549-562c758e00fa	1	5	100	52
20c132ad-0c7c-41bf-a35c-5a95fa87892a	2.82606835910662	20c132ad-0c7c-41bf-a35c-5a95fa87892a	3.5	3.25	100	52
20c132ad-0c7c-41bf-a35c-5a95fa87892a	2.82606835910662	c86f19a7-4709-4fee-a534-cbb721186c55	3.5	4.25	100	52
debd54b6-d961-4098-9292-c51a80caefb2	2.70924143870269	686509c1-fdca-4255-95fa-005b4947a0d1	2.25	4.25	75	52
bc4301e9-9b45-4464-81af-2f180218a093	2.67547044311851	686509c1-fdca-4255-95fa-005b4947a0d1	2.25	4.25	100	52
0793712a-8c2c-416b-9080-6c70e46664cb	2.65323949484312	d6169755-eb0d-4ffe-8b01-397bf3e48f8b	4.5	3	75	52
694a4a01-56e0-494a-b030-0d2757edb4c1	3.468934355051	eefed63b-8eeb-431b-bb50-63c25798ea83	1.5	5	75	53
eefed63b-8eeb-431b-bb50-63c25798ea83	3.44630094940842	eefed63b-8eeb-431b-bb50-63c25798ea83	1.5	5	100	53
a41e2539-2194-4da3-8618-b1f5c7410576	3.28155532208159	86f75337-2fd7-4ef8-9c35-e1035f5482e4	2.75	4.75	75	53
8d1e7ea2-26e3-4693-ac85-0c975dac9448	2.99558570660004	86f75337-2fd7-4ef8-9c35-e1035f5482e4	2.75	4.75	100	53
debd54b6-d961-4098-9292-c51a80caefb2	2.87757816727895	bc4301e9-9b45-4464-81af-2f180218a093	2.25	4.25	75	53
debd54b6-d961-4098-9292-c51a80caefb2	2.87757816727895	86f75337-2fd7-4ef8-9c35-e1035f5482e4	2.75	4.75	75	53
bc4301e9-9b45-4464-81af-2f180218a093	2.84170884762549	bc4301e9-9b45-4464-81af-2f180218a093	2.25	4.25	100	53
bc4301e9-9b45-4464-81af-2f180218a093	2.84170884762549	21bb91af-fb89-4f9b-a2ac-be9e84807e6d	2	4.75	75	53
