694a4a01-56e0-494a-b030-0d2757edb4c1	3.31501120764526	9ced877c-497e-45b6-9549-562c758e00fa	1	5	75	1
694a4a01-56e0-494a-b030-0d2757edb4c1	3.31501120764526	eefed63b-8eeb-431b-bb50-63c25798ea83	1.5	3.5	75	1
eefed63b-8eeb-431b-bb50-63c25798ea83	3.29338208820944	eefed63b-8eeb-431b-bb50-63c25798ea83	1.5	3.5	100	1
64c7b186-de40-4cad-a1f6-dffe7142c990	3.24356860926376	9ced877c-497e-45b6-9549-562c758e00fa	1	5	100	1
9ced877c-497e-45b6-9549-562c758e00fa	3.20859778014943	9ced877c-497e-45b6-9549-562c758e00fa	1	5	100	1
8d1e7ea2-26e3-4693-ac85-0c975dac9448	2.86266592948872	d86aef28-5ee7-4fd9-9a9b-de8cc06c4557	2.5	3.25	75	1
debd54b6-d961-4098-9292-c51a80caefb2	2.74989460669915	686509c1-fdca-4255-95fa-005b4947a0d1	2.25	4.25	75	1
debd54b6-d961-4098-9292-c51a80caefb2	2.74989460669915	d86aef28-5ee7-4fd9-9a9b-de8cc06c4557	2.5	3.25	100	1
bc4301e9-9b45-4464-81af-2f180218a093	2.715616876267	686509c1-fdca-4255-95fa-005b4947a0d1	2.25	4.25	100	1
bc4301e9-9b45-4464-81af-2f180218a093	2.715616876267	21bb91af-fb89-4f9b-a2ac-be9e84807e6d	2	4.75	75	1
bc4301e9-9b45-4464-81af-2f180218a093	2.715616876267	d86aef28-5ee7-4fd9-9a9b-de8cc06c4557	2.5	3.25	75	1
694a4a01-56e0-494a-b030-0d2757edb4c1	3.44207410683078	694a4a01-56e0-494a-b030-0d2757edb4c1	1.25	5	100	2
694a4a01-56e0-494a-b030-0d2757edb4c1	3.44207410683078	eefed63b-8eeb-431b-bb50-63c25798ea83	1.5	4.25	75	2
eefed63b-8eeb-431b-bb50-63c25798ea83	3.41961592770472	694a4a01-56e0-494a-b030-0d2757edb4c1	1.25	5	75	2
eefed63b-8eeb-431b-bb50-63c25798ea83	3.41961592770472	eefed63b-8eeb-431b-bb50-63c25798ea83	1.5	4.25	100	2
64c7b186-de40-4cad-a1f6-dffe7142c990	3.36789312962678	694a4a01-56e0-494a-b030-0d2757edb4c1	1.25	5	75	2
9ced877c-497e-45b6-9549-562c758e00fa	3.33158188504188	694a4a01-56e0-494a-b030-0d2757edb4c1	1.25	5	75	2
a41e2539-2194-4da3-8618-b1f5c7410576	3.25614595033124	8d1e7ea2-26e3-4693-ac85-0c975dac9448	2.75	5	75	2
20c132ad-0c7c-41bf-a35c-5a95fa87892a	2.97842190817735	20c132ad-0c7c-41bf-a35c-5a95fa87892a	3.5	3.75	100	2
8d1e7ea2-26e3-4693-ac85-0c975dac9448	2.97239062446115	8d1e7ea2-26e3-4693-ac85-0c975dac9448	2.75	5	100	2
debd54b6-d961-4098-9292-c51a80caefb2	2.85529683906782	8d1e7ea2-26e3-4693-ac85-0c975dac9448	2.75	5	75	2
bc4301e9-9b45-4464-81af-2f180218a093	2.81970524957828	21bb91af-fb89-4f9b-a2ac-be9e84807e6d	2	4	75	2
694a4a01-56e0-494a-b030-0d2757edb4c1	3.8737255942604	61fdf88b-1db1-463f-baeb-848a9a1f815d	1.5	5	75	3
694a4a01-56e0-494a-b030-0d2757edb4c1	3.8737255942604	694a4a01-56e0-494a-b030-0d2757edb4c1	1.25	5	100	3
eefed63b-8eeb-431b-bb50-63c25798ea83	3.8484510963011	61fdf88b-1db1-463f-baeb-848a9a1f815d	1.5	5	100	3
eefed63b-8eeb-431b-bb50-63c25798ea83	3.8484510963011	694a4a01-56e0-494a-b030-0d2757edb4c1	1.25	5	75	3
64c7b186-de40-4cad-a1f6-dffe7142c990	3.79024201020881	694a4a01-56e0-494a-b030-0d2757edb4c1	1.25	5	75	3
9ced877c-497e-45b6-9549-562c758e00fa	3.74937720429817	694a4a01-56e0-494a-b030-0d2757edb4c1	1.25	5	75	3
20c132ad-0c7c-41bf-a35c-5a95fa87892a	3.35192935027811	20c132ad-0c7c-41bf-a35c-5a95fa87892a	3.5	5	100	3
debd54b6-d961-4098-9292-c51a80caefb2	3.21336383912303	bc4301e9-9b45-4464-81af-2f180218a093	2.25	4.5	75	3
bc4301e9-9b45-4464-81af-2f180218a093	3.17330891563693	bc4301e9-9b45-4464-81af-2f180218a093	2.25	4.5	100	3
bc4301e9-9b45-4464-81af-2f180218a093	3.17330891563693	76a55b6c-21bd-4ce7-b9c7-dd3ae6340804	2	4.75	75	3
694a4a01-56e0-494a-b030-0d2757edb4c1	3.39300868418919	eefed63b-8eeb-431b-bb50-63c25798ea83	1.5	5	75	4
eefed63b-8eeb-431b-bb50-63c25798ea83	3.37087067096536	eefed63b-8eeb-431b-bb50-63c25798ea83	1.5	5	100	4
a41e2539-2194-4da3-8618-b1f5c7410576	3.2097308861314	68171ad7-2b47-4d86-b0bc-1cd6ad9b6cba	2.75	4.25	75	4
a41e2539-2194-4da3-8618-b1f5c7410576	3.2097308861314	8d1e7ea2-26e3-4693-ac85-0c975dac9448	2.75	5	75	4
8d1e7ea2-26e3-4693-ac85-0c975dac9448	2.93002037222427	68171ad7-2b47-4d86-b0bc-1cd6ad9b6cba	2.75	4.25	100	4
8d1e7ea2-26e3-4693-ac85-0c975dac9448	2.93002037222427	8d1e7ea2-26e3-4693-ac85-0c975dac9448	2.75	5	100	4
debd54b6-d961-4098-9292-c51a80caefb2	2.81459569835738	68171ad7-2b47-4d86-b0bc-1cd6ad9b6cba	2.75	4.25	75	4
debd54b6-d961-4098-9292-c51a80caefb2	2.81459569835738	bc4301e9-9b45-4464-81af-2f180218a093	2.25	4	75	4
debd54b6-d961-4098-9292-c51a80caefb2	2.81459569835738	8d1e7ea2-26e3-4693-ac85-0c975dac9448	2.75	5	75	4
bc4301e9-9b45-4464-81af-2f180218a093	2.77951145800113	bc4301e9-9b45-4464-81af-2f180218a093	2.25	4	100	4
694a4a01-56e0-494a-b030-0d2757edb4c1	3.68780309152103	61fdf88b-1db1-463f-baeb-848a9a1f815d	1.5	3.75	75	5
694a4a01-56e0-494a-b030-0d2757edb4c1	3.68780309152103	9ced877c-497e-45b6-9549-562c758e00fa	1	5	75	5
eefed63b-8eeb-431b-bb50-63c25798ea83	3.66374165605563	61fdf88b-1db1-463f-baeb-848a9a1f815d	1.5	3.75	100	5
64c7b186-de40-4cad-a1f6-dffe7142c990	3.60832636709318	9ced877c-497e-45b6-9549-562c758e00fa	1	5	100	5
9ced877c-497e-45b6-9549-562c758e00fa	3.56942286935433	9ced877c-497e-45b6-9549-562c758e00fa	1	5	100	5
a41e2539-2194-4da3-8618-b1f5c7410576	3.48860157715669	a41e2539-2194-4da3-8618-b1f5c7410576	3	5	100	5
8d1e7ea2-26e3-4693-ac85-0c975dac9448	3.18458901203552	a41e2539-2194-4da3-8618-b1f5c7410576	3	5	75	5
8d1e7ea2-26e3-4693-ac85-0c975dac9448	3.18458901203552	d86aef28-5ee7-4fd9-9a9b-de8cc06c4557	2.5	4	75	5
debd54b6-d961-4098-9292-c51a80caefb2	3.05913591201224	d86aef28-5ee7-4fd9-9a9b-de8cc06c4557	2.5	4	100	5
debd54b6-d961-4098-9292-c51a80caefb2	3.05913591201224	79d48cba-971b-453e-8c5c-8c2bcade78a0	2.25	5	75	5
bc4301e9-9b45-4464-81af-2f180218a093	3.02100345559154	d86aef28-5ee7-4fd9-9a9b-de8cc06c4557	2.5	4	75	5
bc4301e9-9b45-4464-81af-2f180218a093	3.02100345559154	79d48cba-971b-453e-8c5c-8c2bcade78a0	2.25	5	100	5
694a4a01-56e0-494a-b030-0d2757edb4c1	3.03412605254407	61fdf88b-1db1-463f-baeb-848a9a1f815d	1.5	2.25	75	6
eefed63b-8eeb-431b-bb50-63c25798ea83	3.01432959575627	61fdf88b-1db1-463f-baeb-848a9a1f815d	1.5	2.25	100	6
a41e2539-2194-4da3-8618-b1f5c7410576	2.87023375872744	f13bb7bb-9260-4400-affa-377c7236cda2	3.25	3.5	75	6
20c132ad-0c7c-41bf-a35c-5a95fa87892a	2.62542503850318	f13bb7bb-9260-4400-affa-377c7236cda2	3.25	3.5	75	6
20c132ad-0c7c-41bf-a35c-5a95fa87892a	2.62542503850318	20c132ad-0c7c-41bf-a35c-5a95fa87892a	3.5	4	100	6
8d1e7ea2-26e3-4693-ac85-0c975dac9448	2.62010857011994	debd54b6-d961-4098-9292-c51a80caefb2	2.5	4	75	6
debd54b6-d961-4098-9292-c51a80caefb2	2.51689250671889	debd54b6-d961-4098-9292-c51a80caefb2	2.5	4	100	6
bc4301e9-9b45-4464-81af-2f180218a093	2.48551917200813	debd54b6-d961-4098-9292-c51a80caefb2	2.5	4	75	6
694a4a01-56e0-494a-b030-0d2757edb4c1	2.80900232931055	9ced877c-497e-45b6-9549-562c758e00fa	1	4.25	75	7
64c7b186-de40-4cad-a1f6-dffe7142c990	2.748464849285	9ced877c-497e-45b6-9549-562c758e00fa	1	4.25	100	7
9ced877c-497e-45b6-9549-562c758e00fa	2.71883202618766	9ced877c-497e-45b6-9549-562c758e00fa	1	4.25	100	7
debd54b6-d961-4098-9292-c51a80caefb2	2.3301460754722	686509c1-fdca-4255-95fa-005b4947a0d1	2.25	4.5	75	7
bc4301e9-9b45-4464-81af-2f180218a093	2.30110055546654	686509c1-fdca-4255-95fa-005b4947a0d1	2.25	4.5	100	7
694a4a01-56e0-494a-b030-0d2757edb4c1	3.63733579998528	61fdf88b-1db1-463f-baeb-848a9a1f815d	1.5	4.75	75	8
694a4a01-56e0-494a-b030-0d2757edb4c1	3.63733579998528	eefed63b-8eeb-431b-bb50-63c25798ea83	1.5	3.25	75	8
eefed63b-8eeb-431b-bb50-63c25798ea83	3.6136036563203	61fdf88b-1db1-463f-baeb-848a9a1f815d	1.5	4.75	100	8
eefed63b-8eeb-431b-bb50-63c25798ea83	3.6136036563203	eefed63b-8eeb-431b-bb50-63c25798ea83	1.5	3.25	100	8
a41e2539-2194-4da3-8618-b1f5c7410576	3.44086032998582	8d1e7ea2-26e3-4693-ac85-0c975dac9448	2.75	5	75	8
8d1e7ea2-26e3-4693-ac85-0c975dac9448	3.14100816290273	8d1e7ea2-26e3-4693-ac85-0c975dac9448	2.75	5	100	8
debd54b6-d961-4098-9292-c51a80caefb2	3.01727187869915	534235e5-91a6-4d11-b984-96ff5932c823	2.25	5	75	8
debd54b6-d961-4098-9292-c51a80caefb2	3.01727187869915	8d1e7ea2-26e3-4693-ac85-0c975dac9448	2.75	5	75	8
bc4301e9-9b45-4464-81af-2f180218a093	2.979661260873	534235e5-91a6-4d11-b984-96ff5932c823	2.25	5	100	8
694a4a01-56e0-494a-b030-0d2757edb4c1	3.55443964885582	eefed63b-8eeb-431b-bb50-63c25798ea83	1.5	5	75	9
eefed63b-8eeb-431b-bb50-63c25798ea83	3.53124834076605	eefed63b-8eeb-431b-bb50-63c25798ea83	1.5	5	100	9
a41e2539-2194-4da3-8618-b1f5c7410576	3.362441926321	a41e2539-2194-4da3-8618-b1f5c7410576	3	5	100	9
a41e2539-2194-4da3-8618-b1f5c7410576	3.362441926321	f13bb7bb-9260-4400-affa-377c7236cda2	3.25	1.75	75	9
a41e2539-2194-4da3-8618-b1f5c7410576	3.362441926321	8d1e7ea2-26e3-4693-ac85-0c975dac9448	2.75	5	75	9
20c132ad-0c7c-41bf-a35c-5a95fa87892a	3.07565166255487	f13bb7bb-9260-4400-affa-377c7236cda2	3.25	1.75	75	9
20c132ad-0c7c-41bf-a35c-5a95fa87892a	3.07565166255487	20c132ad-0c7c-41bf-a35c-5a95fa87892a	3.5	5	100	9
8d1e7ea2-26e3-4693-ac85-0c975dac9448	3.06942348827537	a41e2539-2194-4da3-8618-b1f5c7410576	3	5	75	9
8d1e7ea2-26e3-4693-ac85-0c975dac9448	3.06942348827537	8d1e7ea2-26e3-4693-ac85-0c975dac9448	2.75	5	100	9
debd54b6-d961-4098-9292-c51a80caefb2	2.94850719031725	8d1e7ea2-26e3-4693-ac85-0c975dac9448	2.75	5	75	9
20c132ad-0c7c-41bf-a35c-5a95fa87892a	1.74664461494373	20c132ad-0c7c-41bf-a35c-5a95fa87892a	3.5	3	100	10
8d1e7ea2-26e3-4693-ac85-0c975dac9448	1.74310767103812	d86aef28-5ee7-4fd9-9a9b-de8cc06c4557	2.5	3.75	75	10
debd54b6-d961-4098-9292-c51a80caefb2	1.67444001552003	d86aef28-5ee7-4fd9-9a9b-de8cc06c4557	2.5	3.75	100	10
debd54b6-d961-4098-9292-c51a80caefb2	1.67444001552003	534235e5-91a6-4d11-b984-96ff5932c823	2.25	1.25	75	10
bc4301e9-9b45-4464-81af-2f180218a093	1.65356794163856	21bb91af-fb89-4f9b-a2ac-be9e84807e6d	2	3	75	10
bc4301e9-9b45-4464-81af-2f180218a093	1.65356794163856	d86aef28-5ee7-4fd9-9a9b-de8cc06c4557	2.5	3.75	75	10
bc4301e9-9b45-4464-81af-2f180218a093	1.65356794163856	534235e5-91a6-4d11-b984-96ff5932c823	2.25	1.25	100	10
0793712a-8c2c-416b-9080-6c70e46664cb	1.63982815911317	0793712a-8c2c-416b-9080-6c70e46664cb	4.25	1.25	100	10
694a4a01-56e0-494a-b030-0d2757edb4c1	3.16770218656264	9ced877c-497e-45b6-9549-562c758e00fa	1	3.25	75	11
eefed63b-8eeb-431b-bb50-63c25798ea83	3.14703419951885	3b947680-2625-4e70-a715-5acf8491b309	1.75	3.75	75	11
64c7b186-de40-4cad-a1f6-dffe7142c990	3.09943427971806	9ced877c-497e-45b6-9549-562c758e00fa	1	3.25	100	11
9ced877c-497e-45b6-9549-562c758e00fa	3.06601744803879	9ced877c-497e-45b6-9549-562c758e00fa	1	3.25	100	11
a41e2539-2194-4da3-8618-b1f5c7410576	2.99659460329971	86f75337-2fd7-4ef8-9c35-e1035f5482e4	2.75	4.25	75	11
8d1e7ea2-26e3-4693-ac85-0c975dac9448	2.73545775731095	d86aef28-5ee7-4fd9-9a9b-de8cc06c4557	2.5	4	75	11
8d1e7ea2-26e3-4693-ac85-0c975dac9448	2.73545775731095	86f75337-2fd7-4ef8-9c35-e1035f5482e4	2.75	4.25	100	11
debd54b6-d961-4098-9292-c51a80caefb2	2.62769764941205	bc4301e9-9b45-4464-81af-2f180218a093	2.25	4.5	75	11
debd54b6-d961-4098-9292-c51a80caefb2	2.62769764941205	d86aef28-5ee7-4fd9-9a9b-de8cc06c4557	2.5	4	100	11
debd54b6-d961-4098-9292-c51a80caefb2	2.62769764941205	86f75337-2fd7-4ef8-9c35-e1035f5482e4	2.75	4.25	75	11
bc4301e9-9b45-4464-81af-2f180218a093	2.5949431169881	bc4301e9-9b45-4464-81af-2f180218a093	2.25	4.5	100	11
bc4301e9-9b45-4464-81af-2f180218a093	2.5949431169881	d86aef28-5ee7-4fd9-9a9b-de8cc06c4557	2.5	4	75	11
694a4a01-56e0-494a-b030-0d2757edb4c1	3.75398732487899	694a4a01-56e0-494a-b030-0d2757edb4c1	1.25	5	100	12
eefed63b-8eeb-431b-bb50-63c25798ea83	3.72949406220607	694a4a01-56e0-494a-b030-0d2757edb4c1	1.25	5	75	12
64c7b186-de40-4cad-a1f6-dffe7142c990	3.67308424724342	694a4a01-56e0-494a-b030-0d2757edb4c1	1.25	5	75	12
9ced877c-497e-45b6-9549-562c758e00fa	3.63348255642139	694a4a01-56e0-494a-b030-0d2757edb4c1	1.25	5	75	12
20c132ad-0c7c-41bf-a35c-5a95fa87892a	3.24831999337913	20c132ad-0c7c-41bf-a35c-5a95fa87892a	3.5	5	100	12
8d1e7ea2-26e3-4693-ac85-0c975dac9448	3.24174216661864	d86aef28-5ee7-4fd9-9a9b-de8cc06c4557	2.5	3.75	75	12
debd54b6-d961-4098-9292-c51a80caefb2	3.1140375858779	d86aef28-5ee7-4fd9-9a9b-de8cc06c4557	2.5	3.75	100	12
debd54b6-d961-4098-9292-c51a80caefb2	3.1140375858779	534235e5-91a6-4d11-b984-96ff5932c823	2.25	4.5	75	12
bc4301e9-9b45-4464-81af-2f180218a093	3.0752207742688	21bb91af-fb89-4f9b-a2ac-be9e84807e6d	2	4.75	75	12
bc4301e9-9b45-4464-81af-2f180218a093	3.0752207742688	d86aef28-5ee7-4fd9-9a9b-de8cc06c4557	2.5	3.75	75	12
bc4301e9-9b45-4464-81af-2f180218a093	3.0752207742688	534235e5-91a6-4d11-b984-96ff5932c823	2.25	4.5	100	12
694a4a01-56e0-494a-b030-0d2757edb4c1	3.77191542894662	694a4a01-56e0-494a-b030-0d2757edb4c1	1.25	5	100	13
eefed63b-8eeb-431b-bb50-63c25798ea83	3.74730519340589	694a4a01-56e0-494a-b030-0d2757edb4c1	1.25	5	75	13
64c7b186-de40-4cad-a1f6-dffe7142c990	3.69062597853474	694a4a01-56e0-494a-b030-0d2757edb4c1	1.25	5	75	13
9ced877c-497e-45b6-9549-562c758e00fa	3.65083515925771	694a4a01-56e0-494a-b030-0d2757edb4c1	1.25	5	75	13
debd54b6-d961-4098-9292-c51a80caefb2	3.12890945002273	79d48cba-971b-453e-8c5c-8c2bcade78a0	2.25	5	75	13
bc4301e9-9b45-4464-81af-2f180218a093	3.08990725921487	79d48cba-971b-453e-8c5c-8c2bcade78a0	2.25	5	100	13
bc4301e9-9b45-4464-81af-2f180218a093	3.08990725921487	76a55b6c-21bd-4ce7-b9c7-dd3ae6340804	2	4.75	75	13
0793712a-8c2c-416b-9080-6c70e46664cb	3.06423268429433	d6169755-eb0d-4ffe-8b01-397bf3e48f8b	4.5	3	75	13
694a4a01-56e0-494a-b030-0d2757edb4c1	3.2494554004979	9ced877c-497e-45b6-9549-562c758e00fa	1	3.25	75	14
694a4a01-56e0-494a-b030-0d2757edb4c1	3.2494554004979	75291c0b-2d30-401a-b568-6147335d88a5	1	5	75	14
64c7b186-de40-4cad-a1f6-dffe7142c990	3.17942560932645	9ced877c-497e-45b6-9549-562c758e00fa	1	3.25	100	14
64c7b186-de40-4cad-a1f6-dffe7142c990	3.17942560932645	75291c0b-2d30-401a-b568-6147335d88a5	1	5	100	14
9ced877c-497e-45b6-9549-562c758e00fa	3.14514634002497	9ced877c-497e-45b6-9549-562c758e00fa	1	3.25	100	14
9ced877c-497e-45b6-9549-562c758e00fa	3.14514634002497	75291c0b-2d30-401a-b568-6147335d88a5	1	5	100	14
20c132ad-0c7c-41bf-a35c-5a95fa87892a	2.81174922283745	c86f19a7-4709-4fee-a534-cbb721186c55	3.5	4.5	100	14
694a4a01-56e0-494a-b030-0d2757edb4c1	3.05040952027995	9ced877c-497e-45b6-9549-562c758e00fa	1	3	75	15
64c7b186-de40-4cad-a1f6-dffe7142c990	2.98466941475397	9ced877c-497e-45b6-9549-562c758e00fa	1	3	100	15
9ced877c-497e-45b6-9549-562c758e00fa	2.95248993099655	9ced877c-497e-45b6-9549-562c758e00fa	1	3	100	15
20c132ad-0c7c-41bf-a35c-5a95fa87892a	2.63951510042369	20c132ad-0c7c-41bf-a35c-5a95fa87892a	3.5	5	100	15
8d1e7ea2-26e3-4693-ac85-0c975dac9448	2.63417009991111	debd54b6-d961-4098-9292-c51a80caefb2	2.5	4	75	15
debd54b6-d961-4098-9292-c51a80caefb2	2.53040009848921	debd54b6-d961-4098-9292-c51a80caefb2	2.5	4	100	15
bc4301e9-9b45-4464-81af-2f180218a093	2.49885839035706	76a55b6c-21bd-4ce7-b9c7-dd3ae6340804	2	4.75	75	15
bc4301e9-9b45-4464-81af-2f180218a093	2.49885839035706	debd54b6-d961-4098-9292-c51a80caefb2	2.5	4	75	15
694a4a01-56e0-494a-b030-0d2757edb4c1	3.72712645731431	75291c0b-2d30-401a-b568-6147335d88a5	1	5	75	16
eefed63b-8eeb-431b-bb50-63c25798ea83	3.70280847069932	ff492b4b-9780-4b6a-8035-afafaf1a0b7b	1.75	4.25	75	16
64c7b186-de40-4cad-a1f6-dffe7142c990	3.64680225172173	75291c0b-2d30-401a-b568-6147335d88a5	1	5	100	16
9ced877c-497e-45b6-9549-562c758e00fa	3.6074839146441	75291c0b-2d30-401a-b568-6147335d88a5	1	5	100	16
debd54b6-d961-4098-9292-c51a80caefb2	3.09175572643363	79d48cba-971b-453e-8c5c-8c2bcade78a0	2.25	5	75	16
bc4301e9-9b45-4464-81af-2f180218a093	3.053216662468	79d48cba-971b-453e-8c5c-8c2bcade78a0	2.25	5	100	16
694a4a01-56e0-494a-b030-0d2757edb4c1	3.4451921807626	9ced877c-497e-45b6-9549-562c758e00fa	1	5	75	17
694a4a01-56e0-494a-b030-0d2757edb4c1	3.4451921807626	eefed63b-8eeb-431b-bb50-63c25798ea83	1.5	3.25	75	17
eefed63b-8eeb-431b-bb50-63c25798ea83	3.4227136506395	eefed63b-8eeb-431b-bb50-63c25798ea83	1.5	3.25	100	17
64c7b186-de40-4cad-a1f6-dffe7142c990	3.37094400276248	9ced877c-497e-45b6-9549-562c758e00fa	1	5	100	17
9ced877c-497e-45b6-9549-562c758e00fa	3.33459986549551	9ced877c-497e-45b6-9549-562c758e00fa	1	5	100	17
a41e2539-2194-4da3-8618-b1f5c7410576	3.25909560108421	f13bb7bb-9260-4400-affa-377c7236cda2	3.25	3.75	75	17
20c132ad-0c7c-41bf-a35c-5a95fa87892a	2.98111997083752	f13bb7bb-9260-4400-affa-377c7236cda2	3.25	3.75	75	17
bc4301e9-9b45-4464-81af-2f180218a093	2.82225953195507	76a55b6c-21bd-4ce7-b9c7-dd3ae6340804	2	4.75	75	17
0793712a-8c2c-416b-9080-6c70e46664cb	2.79880888761993	0793712a-8c2c-416b-9080-6c70e46664cb	4.25	5	100	17
694a4a01-56e0-494a-b030-0d2757edb4c1	3.70603233136276	9ced877c-497e-45b6-9549-562c758e00fa	1	4.75	75	18
eefed63b-8eeb-431b-bb50-63c25798ea83	3.68185195538652	ff492b4b-9780-4b6a-8035-afafaf1a0b7b	1.75	4.75	75	18
64c7b186-de40-4cad-a1f6-dffe7142c990	3.62616274225355	9ced877c-497e-45b6-9549-562c758e00fa	1	4.75	100	18
9ced877c-497e-45b6-9549-562c758e00fa	3.58706694039284	9ced877c-497e-45b6-9549-562c758e00fa	1	4.75	100	18
a41e2539-2194-4da3-8618-b1f5c7410576	3.50584614048035	a41e2539-2194-4da3-8618-b1f5c7410576	3	5	100	18
20c132ad-0c7c-41bf-a35c-5a95fa87892a	3.20682460399186	c86f19a7-4709-4fee-a534-cbb721186c55	3.5	3.5	100	18
8d1e7ea2-26e3-4693-ac85-0c975dac9448	3.20033080533989	a41e2539-2194-4da3-8618-b1f5c7410576	3	5	75	18
8d1e7ea2-26e3-4693-ac85-0c975dac9448	3.20033080533989	debd54b6-d961-4098-9292-c51a80caefb2	2.5	5	75	18
debd54b6-d961-4098-9292-c51a80caefb2	3.07425757449188	debd54b6-d961-4098-9292-c51a80caefb2	2.5	5	100	18
bc4301e9-9b45-4464-81af-2f180218a093	3.03593662635712	debd54b6-d961-4098-9292-c51a80caefb2	2.5	5	75	18
694a4a01-56e0-494a-b030-0d2757edb4c1	3.41645001164062	694a4a01-56e0-494a-b030-0d2757edb4c1	1.25	5	100	19
694a4a01-56e0-494a-b030-0d2757edb4c1	3.41645001164062	eefed63b-8eeb-431b-bb50-63c25798ea83	1.5	4	75	19
eefed63b-8eeb-431b-bb50-63c25798ea83	3.39415901073391	694a4a01-56e0-494a-b030-0d2757edb4c1	1.25	5	75	19
eefed63b-8eeb-431b-bb50-63c25798ea83	3.39415901073391	eefed63b-8eeb-431b-bb50-63c25798ea83	1.5	4	100	19
64c7b186-de40-4cad-a1f6-dffe7142c990	3.342821266587	694a4a01-56e0-494a-b030-0d2757edb4c1	1.25	5	75	19
9ced877c-497e-45b6-9549-562c758e00fa	3.30678032664657	694a4a01-56e0-494a-b030-0d2757edb4c1	1.25	5	75	19
bc4301e9-9b45-4464-81af-2f180218a093	2.79871429736634	21bb91af-fb89-4f9b-a2ac-be9e84807e6d	2	4.75	75	19
0793712a-8c2c-416b-9080-6c70e46664cb	2.775459292688	0793712a-8c2c-416b-9080-6c70e46664cb	4.25	4.25	100	19
0793712a-8c2c-416b-9080-6c70e46664cb	2.775459292688	d6169755-eb0d-4ffe-8b01-397bf3e48f8b	4.5	3.25	75	19
694a4a01-56e0-494a-b030-0d2757edb4c1	3.53405498411402	9ced877c-497e-45b6-9549-562c758e00fa	1	5	75	20
64c7b186-de40-4cad-a1f6-dffe7142c990	3.4578917209993	9ced877c-497e-45b6-9549-562c758e00fa	1	5	100	20
9ced877c-497e-45b6-9549-562c758e00fa	3.42061014786265	9ced877c-497e-45b6-9549-562c758e00fa	1	5	100	20
a41e2539-2194-4da3-8618-b1f5c7410576	3.34315837450301	a41e2539-2194-4da3-8618-b1f5c7410576	3	5	100	20
a41e2539-2194-4da3-8618-b1f5c7410576	3.34315837450301	f13bb7bb-9260-4400-affa-377c7236cda2	3.25	4.25	75	20
20c132ad-0c7c-41bf-a35c-5a95fa87892a	3.058012845825	f13bb7bb-9260-4400-affa-377c7236cda2	3.25	4.25	75	20
20c132ad-0c7c-41bf-a35c-5a95fa87892a	3.058012845825	37b95289-ea7b-4686-b2d2-7ab47fe22aec	3.75	3.75	75	20
8d1e7ea2-26e3-4693-ac85-0c975dac9448	3.05182038975553	a41e2539-2194-4da3-8618-b1f5c7410576	3	5	75	20
0793712a-8c2c-416b-9080-6c70e46664cb	2.87099936216068	d6169755-eb0d-4ffe-8b01-397bf3e48f8b	4.5	3	75	20
694a4a01-56e0-494a-b030-0d2757edb4c1	2.91046300641126	9ced877c-497e-45b6-9549-562c758e00fa	1	4.75	75	21
64c7b186-de40-4cad-a1f6-dffe7142c990	2.84773892510558	9ced877c-497e-45b6-9549-562c758e00fa	1	4.75	100	21
9ced877c-497e-45b6-9549-562c758e00fa	2.81703576844493	9ced877c-497e-45b6-9549-562c758e00fa	1	4.75	100	21
a41e2539-2194-4da3-8618-b1f5c7410576	2.75325053424804	68171ad7-2b47-4d86-b0bc-1cd6ad9b6cba	2.75	4	75	21
8d1e7ea2-26e3-4693-ac85-0c975dac9448	2.51331979493202	68171ad7-2b47-4d86-b0bc-1cd6ad9b6cba	2.75	4	100	21
debd54b6-d961-4098-9292-c51a80caefb2	2.41431054695241	686509c1-fdca-4255-95fa-005b4947a0d1	2.25	2.5	75	21
debd54b6-d961-4098-9292-c51a80caefb2	2.41431054695241	68171ad7-2b47-4d86-b0bc-1cd6ad9b6cba	2.75	4	75	21
bc4301e9-9b45-4464-81af-2f180218a093	2.38421590880919	686509c1-fdca-4255-95fa-005b4947a0d1	2.25	2.5	100	21
0793712a-8c2c-416b-9080-6c70e46664cb	2.36440504573786	b47e7d4f-b0ca-48f0-97c5-cf61fe21295b	4.5	2.75	75	21
694a4a01-56e0-494a-b030-0d2757edb4c1	4.60077685217987	64c7b186-de40-4cad-a1f6-dffe7142c990	1	5	75	22
694a4a01-56e0-494a-b030-0d2757edb4c1	4.60077685217987	61fdf88b-1db1-463f-baeb-848a9a1f815d	1.5	4.75	75	22
694a4a01-56e0-494a-b030-0d2757edb4c1	4.60077685217987	694a4a01-56e0-494a-b030-0d2757edb4c1	1.25	5	100	22
694a4a01-56e0-494a-b030-0d2757edb4c1	4.60077685217987	9ced877c-497e-45b6-9549-562c758e00fa	1	5	75	22
694a4a01-56e0-494a-b030-0d2757edb4c1	4.60077685217987	75291c0b-2d30-401a-b568-6147335d88a5	1	5	75	22
694a4a01-56e0-494a-b030-0d2757edb4c1	4.60077685217987	eefed63b-8eeb-431b-bb50-63c25798ea83	1.5	4	75	22
eefed63b-8eeb-431b-bb50-63c25798ea83	4.57075862892782	61fdf88b-1db1-463f-baeb-848a9a1f815d	1.5	4.75	100	22
eefed63b-8eeb-431b-bb50-63c25798ea83	4.57075862892782	3b947680-2625-4e70-a715-5acf8491b309	1.75	5	75	22
eefed63b-8eeb-431b-bb50-63c25798ea83	4.57075862892782	694a4a01-56e0-494a-b030-0d2757edb4c1	1.25	5	75	22
eefed63b-8eeb-431b-bb50-63c25798ea83	4.57075862892782	ff492b4b-9780-4b6a-8035-afafaf1a0b7b	1.75	4.25	75	22
eefed63b-8eeb-431b-bb50-63c25798ea83	4.57075862892782	eefed63b-8eeb-431b-bb50-63c25798ea83	1.5	4	100	22
64c7b186-de40-4cad-a1f6-dffe7142c990	4.50162441264715	64c7b186-de40-4cad-a1f6-dffe7142c990	1	5	100	22
64c7b186-de40-4cad-a1f6-dffe7142c990	4.50162441264715	694a4a01-56e0-494a-b030-0d2757edb4c1	1.25	5	75	22
64c7b186-de40-4cad-a1f6-dffe7142c990	4.50162441264715	9ced877c-497e-45b6-9549-562c758e00fa	1	5	100	22
64c7b186-de40-4cad-a1f6-dffe7142c990	4.50162441264715	75291c0b-2d30-401a-b568-6147335d88a5	1	5	100	22
9ced877c-497e-45b6-9549-562c758e00fa	4.45308974140289	64c7b186-de40-4cad-a1f6-dffe7142c990	1	5	100	22
9ced877c-497e-45b6-9549-562c758e00fa	4.45308974140289	694a4a01-56e0-494a-b030-0d2757edb4c1	1.25	5	75	22
9ced877c-497e-45b6-9549-562c758e00fa	4.45308974140289	9ced877c-497e-45b6-9549-562c758e00fa	1	5	100	22
9ced877c-497e-45b6-9549-562c758e00fa	4.45308974140289	75291c0b-2d30-401a-b568-6147335d88a5	1	5	100	22
a41e2539-2194-4da3-8618-b1f5c7410576	4.35225986444075	68171ad7-2b47-4d86-b0bc-1cd6ad9b6cba	2.75	4	75	22
a41e2539-2194-4da3-8618-b1f5c7410576	4.35225986444075	a41e2539-2194-4da3-8618-b1f5c7410576	3	5	100	22
a41e2539-2194-4da3-8618-b1f5c7410576	4.35225986444075	f73b79c3-6390-4cdb-a96a-0a2fae700005	3.25	1.5	75	22
a41e2539-2194-4da3-8618-b1f5c7410576	4.35225986444075	f13bb7bb-9260-4400-affa-377c7236cda2	3.25	4.5	75	22
a41e2539-2194-4da3-8618-b1f5c7410576	4.35225986444075	86f75337-2fd7-4ef8-9c35-e1035f5482e4	2.75	4	75	22
a41e2539-2194-4da3-8618-b1f5c7410576	4.35225986444075	8d1e7ea2-26e3-4693-ac85-0c975dac9448	2.75	4.75	75	22
20c132ad-0c7c-41bf-a35c-5a95fa87892a	3.98104579013127	52d5d688-98d5-455a-97d8-40e74216ec3f	3.75	3	75	22
20c132ad-0c7c-41bf-a35c-5a95fa87892a	3.98104579013127	f73b79c3-6390-4cdb-a96a-0a2fae700005	3.25	1.5	75	22
20c132ad-0c7c-41bf-a35c-5a95fa87892a	3.98104579013127	f13bb7bb-9260-4400-affa-377c7236cda2	3.25	4.5	75	22
20c132ad-0c7c-41bf-a35c-5a95fa87892a	3.98104579013127	20c132ad-0c7c-41bf-a35c-5a95fa87892a	3.5	2.75	100	22
20c132ad-0c7c-41bf-a35c-5a95fa87892a	3.98104579013127	37b95289-ea7b-4686-b2d2-7ab47fe22aec	3.75	3.5	75	22
20c132ad-0c7c-41bf-a35c-5a95fa87892a	3.98104579013127	c86f19a7-4709-4fee-a534-cbb721186c55	3.5	4	100	22
8d1e7ea2-26e3-4693-ac85-0c975dac9448	3.97298419914021	68171ad7-2b47-4d86-b0bc-1cd6ad9b6cba	2.75	4	100	22
8d1e7ea2-26e3-4693-ac85-0c975dac9448	3.97298419914021	a41e2539-2194-4da3-8618-b1f5c7410576	3	5	75	22
8d1e7ea2-26e3-4693-ac85-0c975dac9448	3.97298419914021	d86aef28-5ee7-4fd9-9a9b-de8cc06c4557	2.5	4.25	75	22
8d1e7ea2-26e3-4693-ac85-0c975dac9448	3.97298419914021	86f75337-2fd7-4ef8-9c35-e1035f5482e4	2.75	4	100	22
8d1e7ea2-26e3-4693-ac85-0c975dac9448	3.97298419914021	8d1e7ea2-26e3-4693-ac85-0c975dac9448	2.75	4.75	100	22
8d1e7ea2-26e3-4693-ac85-0c975dac9448	3.97298419914021	debd54b6-d961-4098-9292-c51a80caefb2	2.5	1	75	22
debd54b6-d961-4098-9292-c51a80caefb2	3.81647320564591	686509c1-fdca-4255-95fa-005b4947a0d1	2.25	3.75	75	22
debd54b6-d961-4098-9292-c51a80caefb2	3.81647320564591	68171ad7-2b47-4d86-b0bc-1cd6ad9b6cba	2.75	4	75	22
debd54b6-d961-4098-9292-c51a80caefb2	3.81647320564591	bc4301e9-9b45-4464-81af-2f180218a093	2.25	5	75	22
debd54b6-d961-4098-9292-c51a80caefb2	3.81647320564591	d86aef28-5ee7-4fd9-9a9b-de8cc06c4557	2.5	4.25	100	22
debd54b6-d961-4098-9292-c51a80caefb2	3.81647320564591	86f75337-2fd7-4ef8-9c35-e1035f5482e4	2.75	4	75	22
debd54b6-d961-4098-9292-c51a80caefb2	3.81647320564591	534235e5-91a6-4d11-b984-96ff5932c823	2.25	2.75	75	22
debd54b6-d961-4098-9292-c51a80caefb2	3.81647320564591	79d48cba-971b-453e-8c5c-8c2bcade78a0	2.25	3.75	75	22
debd54b6-d961-4098-9292-c51a80caefb2	3.81647320564591	8d1e7ea2-26e3-4693-ac85-0c975dac9448	2.75	4.75	75	22
debd54b6-d961-4098-9292-c51a80caefb2	3.81647320564591	debd54b6-d961-4098-9292-c51a80caefb2	2.5	1	100	22
bc4301e9-9b45-4464-81af-2f180218a093	3.76890046058537	686509c1-fdca-4255-95fa-005b4947a0d1	2.25	3.75	100	22
bc4301e9-9b45-4464-81af-2f180218a093	3.76890046058537	bc4301e9-9b45-4464-81af-2f180218a093	2.25	5	100	22
bc4301e9-9b45-4464-81af-2f180218a093	3.76890046058537	21bb91af-fb89-4f9b-a2ac-be9e84807e6d	2	3	75	22
bc4301e9-9b45-4464-81af-2f180218a093	3.76890046058537	d86aef28-5ee7-4fd9-9a9b-de8cc06c4557	2.5	4.25	75	22
bc4301e9-9b45-4464-81af-2f180218a093	3.76890046058537	534235e5-91a6-4d11-b984-96ff5932c823	2.25	2.75	100	22
bc4301e9-9b45-4464-81af-2f180218a093	3.76890046058537	79d48cba-971b-453e-8c5c-8c2bcade78a0	2.25	3.75	100	22
bc4301e9-9b45-4464-81af-2f180218a093	3.76890046058537	76a55b6c-21bd-4ce7-b9c7-dd3ae6340804	2	5	75	22
bc4301e9-9b45-4464-81af-2f180218a093	3.76890046058537	debd54b6-d961-4098-9292-c51a80caefb2	2.5	1	75	22
0793712a-8c2c-416b-9080-6c70e46664cb	3.73758401221945	b47e7d4f-b0ca-48f0-97c5-cf61fe21295b	4.5	1	75	22
0793712a-8c2c-416b-9080-6c70e46664cb	3.73758401221945	0793712a-8c2c-416b-9080-6c70e46664cb	4.25	3.25	100	22
0793712a-8c2c-416b-9080-6c70e46664cb	3.73758401221945	d6169755-eb0d-4ffe-8b01-397bf3e48f8b	4.5	2.75	75	22
694a4a01-56e0-494a-b030-0d2757edb4c1	3.25922574545255	64c7b186-de40-4cad-a1f6-dffe7142c990	1	5	75	23
64c7b186-de40-4cad-a1f6-dffe7142c990	3.18898539682509	64c7b186-de40-4cad-a1f6-dffe7142c990	1	5	100	23
9ced877c-497e-45b6-9549-562c758e00fa	3.15460306149097	64c7b186-de40-4cad-a1f6-dffe7142c990	1	5	100	23
a41e2539-2194-4da3-8618-b1f5c7410576	3.08317440190587	f13bb7bb-9260-4400-affa-377c7236cda2	3.25	3	75	23
a41e2539-2194-4da3-8618-b1f5c7410576	3.08317440190587	86f75337-2fd7-4ef8-9c35-e1035f5482e4	2.75	3.75	75	23
20c132ad-0c7c-41bf-a35c-5a95fa87892a	2.82020349327638	f13bb7bb-9260-4400-affa-377c7236cda2	3.25	3	75	23
8d1e7ea2-26e3-4693-ac85-0c975dac9448	2.81449259706771	86f75337-2fd7-4ef8-9c35-e1035f5482e4	2.75	3.75	100	23
debd54b6-d961-4098-9292-c51a80caefb2	2.70361900668599	686509c1-fdca-4255-95fa-005b4947a0d1	2.25	3.5	75	23
debd54b6-d961-4098-9292-c51a80caefb2	2.70361900668599	86f75337-2fd7-4ef8-9c35-e1035f5482e4	2.75	3.75	75	23
debd54b6-d961-4098-9292-c51a80caefb2	2.70361900668599	79d48cba-971b-453e-8c5c-8c2bcade78a0	2.25	4.5	75	23
bc4301e9-9b45-4464-81af-2f180218a093	2.66991810450262	686509c1-fdca-4255-95fa-005b4947a0d1	2.25	3.5	100	23
bc4301e9-9b45-4464-81af-2f180218a093	2.66991810450262	79d48cba-971b-453e-8c5c-8c2bcade78a0	2.25	4.5	100	23
694a4a01-56e0-494a-b030-0d2757edb4c1	3.7287280069573	64c7b186-de40-4cad-a1f6-dffe7142c990	1	5	75	24
694a4a01-56e0-494a-b030-0d2757edb4c1	3.7287280069573	9ced877c-497e-45b6-9549-562c758e00fa	1	5	75	24
eefed63b-8eeb-431b-bb50-63c25798ea83	3.70439954846529	3b947680-2625-4e70-a715-5acf8491b309	1.75	4.75	75	24
64c7b186-de40-4cad-a1f6-dffe7142c990	3.64836929811331	64c7b186-de40-4cad-a1f6-dffe7142c990	1	5	100	24
64c7b186-de40-4cad-a1f6-dffe7142c990	3.64836929811331	9ced877c-497e-45b6-9549-562c758e00fa	1	5	100	24
9ced877c-497e-45b6-9549-562c758e00fa	3.60903405326316	64c7b186-de40-4cad-a1f6-dffe7142c990	1	5	100	24
9ced877c-497e-45b6-9549-562c758e00fa	3.60903405326316	9ced877c-497e-45b6-9549-562c758e00fa	1	5	100	24
debd54b6-d961-4098-9292-c51a80caefb2	3.09308428193723	bc4301e9-9b45-4464-81af-2f180218a093	2.25	4.75	75	24
bc4301e9-9b45-4464-81af-2f180218a093	3.05452866219267	bc4301e9-9b45-4464-81af-2f180218a093	2.25	4.75	100	24
694a4a01-56e0-494a-b030-0d2757edb4c1	3.8031477127516	eefed63b-8eeb-431b-bb50-63c25798ea83	1.5	5	75	25
eefed63b-8eeb-431b-bb50-63c25798ea83	3.77833369827672	3b947680-2625-4e70-a715-5acf8491b309	1.75	4	75	25
eefed63b-8eeb-431b-bb50-63c25798ea83	3.77833369827672	eefed63b-8eeb-431b-bb50-63c25798ea83	1.5	5	100	25
20c132ad-0c7c-41bf-a35c-5a95fa87892a	3.29085840836227	c86f19a7-4709-4fee-a534-cbb721186c55	3.5	4.5	100	25
debd54b6-d961-4098-9292-c51a80caefb2	3.15481750396932	bc4301e9-9b45-4464-81af-2f180218a093	2.25	5	75	25
bc4301e9-9b45-4464-81af-2f180218a093	3.11549236631771	bc4301e9-9b45-4464-81af-2f180218a093	2.25	5	100	25
694a4a01-56e0-494a-b030-0d2757edb4c1	2.97149893671941	eefed63b-8eeb-431b-bb50-63c25798ea83	1.5	5	75	26
eefed63b-8eeb-431b-bb50-63c25798ea83	2.95211109718318	eefed63b-8eeb-431b-bb50-63c25798ea83	1.5	5	100	26
8d1e7ea2-26e3-4693-ac85-0c975dac9448	2.56602715130337	d86aef28-5ee7-4fd9-9a9b-de8cc06c4557	2.5	4.25	75	26
8d1e7ea2-26e3-4693-ac85-0c975dac9448	2.56602715130337	debd54b6-d961-4098-9292-c51a80caefb2	2.5	3	75	26
debd54b6-d961-4098-9292-c51a80caefb2	2.46494156069838	d86aef28-5ee7-4fd9-9a9b-de8cc06c4557	2.5	4.25	100	26
debd54b6-d961-4098-9292-c51a80caefb2	2.46494156069838	debd54b6-d961-4098-9292-c51a80caefb2	2.5	3	100	26
bc4301e9-9b45-4464-81af-2f180218a093	2.43421580045681	d86aef28-5ee7-4fd9-9a9b-de8cc06c4557	2.5	4.25	75	26
bc4301e9-9b45-4464-81af-2f180218a093	2.43421580045681	debd54b6-d961-4098-9292-c51a80caefb2	2.5	3	75	26
0793712a-8c2c-416b-9080-6c70e46664cb	2.41398947964255	0793712a-8c2c-416b-9080-6c70e46664cb	4.25	3.5	100	26
694a4a01-56e0-494a-b030-0d2757edb4c1	3.63420017714818	694a4a01-56e0-494a-b030-0d2757edb4c1	1.25	5	100	27
eefed63b-8eeb-431b-bb50-63c25798ea83	3.61048847644165	694a4a01-56e0-494a-b030-0d2757edb4c1	1.25	5	75	27
64c7b186-de40-4cad-a1f6-dffe7142c990	3.55587866312686	694a4a01-56e0-494a-b030-0d2757edb4c1	1.25	5	75	27
9ced877c-497e-45b6-9549-562c758e00fa	3.51754063390351	694a4a01-56e0-494a-b030-0d2757edb4c1	1.25	5	75	27
a41e2539-2194-4da3-8618-b1f5c7410576	3.43789409274362	86f75337-2fd7-4ef8-9c35-e1035f5482e4	2.75	3	75	27
a41e2539-2194-4da3-8618-b1f5c7410576	3.43789409274362	8d1e7ea2-26e3-4693-ac85-0c975dac9448	2.75	5	75	27
8d1e7ea2-26e3-4693-ac85-0c975dac9448	3.13830040873225	86f75337-2fd7-4ef8-9c35-e1035f5482e4	2.75	3	100	27
8d1e7ea2-26e3-4693-ac85-0c975dac9448	3.13830040873225	8d1e7ea2-26e3-4693-ac85-0c975dac9448	2.75	5	100	27
8d1e7ea2-26e3-4693-ac85-0c975dac9448	3.13830040873225	debd54b6-d961-4098-9292-c51a80caefb2	2.5	5	75	27
debd54b6-d961-4098-9292-c51a80caefb2	3.01467079117633	86f75337-2fd7-4ef8-9c35-e1035f5482e4	2.75	3	75	27
debd54b6-d961-4098-9292-c51a80caefb2	3.01467079117633	8d1e7ea2-26e3-4693-ac85-0c975dac9448	2.75	5	75	27
debd54b6-d961-4098-9292-c51a80caefb2	3.01467079117633	debd54b6-d961-4098-9292-c51a80caefb2	2.5	5	100	27
bc4301e9-9b45-4464-81af-2f180218a093	2.97709260022367	debd54b6-d961-4098-9292-c51a80caefb2	2.5	5	75	27
0793712a-8c2c-416b-9080-6c70e46664cb	2.95235542064427	0793712a-8c2c-416b-9080-6c70e46664cb	4.25	4.75	100	27
694a4a01-56e0-494a-b030-0d2757edb4c1	3.46749169491049	64c7b186-de40-4cad-a1f6-dffe7142c990	1	5	75	28
64c7b186-de40-4cad-a1f6-dffe7142c990	3.39276295157097	64c7b186-de40-4cad-a1f6-dffe7142c990	1	5	100	28
9ced877c-497e-45b6-9549-562c758e00fa	3.35618356970435	64c7b186-de40-4cad-a1f6-dffe7142c990	1	5	100	28
a41e2539-2194-4da3-8618-b1f5c7410576	3.28019058698898	68171ad7-2b47-4d86-b0bc-1cd6ad9b6cba	2.75	5	75	28
a41e2539-2194-4da3-8618-b1f5c7410576	3.28019058698898	f13bb7bb-9260-4400-affa-377c7236cda2	3.25	4	75	28
20c132ad-0c7c-41bf-a35c-5a95fa87892a	3.00041572308029	f13bb7bb-9260-4400-affa-377c7236cda2	3.25	4	75	28
8d1e7ea2-26e3-4693-ac85-0c975dac9448	2.99433990081395	68171ad7-2b47-4d86-b0bc-1cd6ad9b6cba	2.75	5	100	28
debd54b6-d961-4098-9292-c51a80caefb2	2.8763814382704	68171ad7-2b47-4d86-b0bc-1cd6ad9b6cba	2.75	5	75	28
0793712a-8c2c-416b-9080-6c70e46664cb	2.81692460459448	0793712a-8c2c-416b-9080-6c70e46664cb	4.25	4.5	100	28
694a4a01-56e0-494a-b030-0d2757edb4c1	3.36048816044231	694a4a01-56e0-494a-b030-0d2757edb4c1	1.25	5	100	29
eefed63b-8eeb-431b-bb50-63c25798ea83	3.33856232343627	694a4a01-56e0-494a-b030-0d2757edb4c1	1.25	5	75	29
64c7b186-de40-4cad-a1f6-dffe7142c990	3.28806548557624	694a4a01-56e0-494a-b030-0d2757edb4c1	1.25	5	75	29
9ced877c-497e-45b6-9549-562c758e00fa	3.25261492290293	694a4a01-56e0-494a-b030-0d2757edb4c1	1.25	5	75	29
bc4301e9-9b45-4464-81af-2f180218a093	2.75287104709857	76a55b6c-21bd-4ce7-b9c7-dd3ae6340804	2	4.75	75	29
0793712a-8c2c-416b-9080-6c70e46664cb	2.72999696051527	b47e7d4f-b0ca-48f0-97c5-cf61fe21295b	4.5	2.25	75	29
eefed63b-8eeb-431b-bb50-63c25798ea83	2.76942945721302	3b947680-2625-4e70-a715-5acf8491b309	1.75	3.5	75	30
a41e2539-2194-4da3-8618-b1f5c7410576	2.63704074039912	a41e2539-2194-4da3-8618-b1f5c7410576	3	5	100	30
a41e2539-2194-4da3-8618-b1f5c7410576	2.63704074039912	86f75337-2fd7-4ef8-9c35-e1035f5482e4	2.75	2.5	75	30
20c132ad-0c7c-41bf-a35c-5a95fa87892a	2.41212157641885	c86f19a7-4709-4fee-a534-cbb721186c55	3.5	2.5	100	30
8d1e7ea2-26e3-4693-ac85-0c975dac9448	2.40723704805002	a41e2539-2194-4da3-8618-b1f5c7410576	3	5	75	30
8d1e7ea2-26e3-4693-ac85-0c975dac9448	2.40723704805002	86f75337-2fd7-4ef8-9c35-e1035f5482e4	2.75	2.5	100	30
debd54b6-d961-4098-9292-c51a80caefb2	2.31240680315811	86f75337-2fd7-4ef8-9c35-e1035f5482e4	2.75	2.5	75	30
0793712a-8c2c-416b-9080-6c70e46664cb	2.26460772344531	b47e7d4f-b0ca-48f0-97c5-cf61fe21295b	4.5	3	75	30
694a4a01-56e0-494a-b030-0d2757edb4c1	3.16555625883471	61fdf88b-1db1-463f-baeb-848a9a1f815d	1.5	4.25	75	31
eefed63b-8eeb-431b-bb50-63c25798ea83	3.14490227302806	61fdf88b-1db1-463f-baeb-848a9a1f815d	1.5	4.25	100	31
eefed63b-8eeb-431b-bb50-63c25798ea83	3.14490227302806	3b947680-2625-4e70-a715-5acf8491b309	1.75	3.25	75	31
a41e2539-2194-4da3-8618-b1f5c7410576	2.994564590669	a41e2539-2194-4da3-8618-b1f5c7410576	3	4.25	100	31
a41e2539-2194-4da3-8618-b1f5c7410576	2.994564590669	f73b79c3-6390-4cdb-a96a-0a2fae700005	3.25	2.5	75	31
a41e2539-2194-4da3-8618-b1f5c7410576	2.994564590669	8d1e7ea2-26e3-4693-ac85-0c975dac9448	2.75	4.75	75	31
20c132ad-0c7c-41bf-a35c-5a95fa87892a	2.73915141311676	f73b79c3-6390-4cdb-a96a-0a2fae700005	3.25	2.5	75	31
8d1e7ea2-26e3-4693-ac85-0c975dac9448	2.73360464940594	a41e2539-2194-4da3-8618-b1f5c7410576	3	4.25	75	31
8d1e7ea2-26e3-4693-ac85-0c975dac9448	2.73360464940594	8d1e7ea2-26e3-4693-ac85-0c975dac9448	2.75	4.75	100	31
debd54b6-d961-4098-9292-c51a80caefb2	2.62591754238051	8d1e7ea2-26e3-4693-ac85-0c975dac9448	2.75	4.75	75	31
694a4a01-56e0-494a-b030-0d2757edb4c1	3.72337499089151	694a4a01-56e0-494a-b030-0d2757edb4c1	1.25	5	100	32
eefed63b-8eeb-431b-bb50-63c25798ea83	3.69908146144226	694a4a01-56e0-494a-b030-0d2757edb4c1	1.25	5	75	32
64c7b186-de40-4cad-a1f6-dffe7142c990	3.64313164703616	694a4a01-56e0-494a-b030-0d2757edb4c1	1.25	5	75	32
9ced877c-497e-45b6-9549-562c758e00fa	3.60385289286059	694a4a01-56e0-494a-b030-0d2757edb4c1	1.25	5	75	32
a41e2539-2194-4da3-8618-b1f5c7410576	3.52225201319301	a41e2539-2194-4da3-8618-b1f5c7410576	3	5	100	32
8d1e7ea2-26e3-4693-ac85-0c975dac9448	3.21530699640992	a41e2539-2194-4da3-8618-b1f5c7410576	3	5	75	32
8d1e7ea2-26e3-4693-ac85-0c975dac9448	3.21530699640992	debd54b6-d961-4098-9292-c51a80caefb2	2.5	5	75	32
debd54b6-d961-4098-9292-c51a80caefb2	3.08864379779919	686509c1-fdca-4255-95fa-005b4947a0d1	2.25	4.5	75	32
debd54b6-d961-4098-9292-c51a80caefb2	3.08864379779919	debd54b6-d961-4098-9292-c51a80caefb2	2.5	5	100	32
bc4301e9-9b45-4464-81af-2f180218a093	3.05014352248071	686509c1-fdca-4255-95fa-005b4947a0d1	2.25	4.5	100	32
bc4301e9-9b45-4464-81af-2f180218a093	3.05014352248071	debd54b6-d961-4098-9292-c51a80caefb2	2.5	5	75	32
0793712a-8c2c-416b-9080-6c70e46664cb	3.02479935146897	b47e7d4f-b0ca-48f0-97c5-cf61fe21295b	4.5	3.5	75	32
694a4a01-56e0-494a-b030-0d2757edb4c1	3.62916012349575	694a4a01-56e0-494a-b030-0d2757edb4c1	1.25	5	100	33
694a4a01-56e0-494a-b030-0d2757edb4c1	3.62916012349575	eefed63b-8eeb-431b-bb50-63c25798ea83	1.5	5	75	33
eefed63b-8eeb-431b-bb50-63c25798ea83	3.60548129997504	694a4a01-56e0-494a-b030-0d2757edb4c1	1.25	5	75	33
eefed63b-8eeb-431b-bb50-63c25798ea83	3.60548129997504	ff492b4b-9780-4b6a-8035-afafaf1a0b7b	1.75	4.75	75	33
eefed63b-8eeb-431b-bb50-63c25798ea83	3.60548129997504	eefed63b-8eeb-431b-bb50-63c25798ea83	1.5	5	100	33
64c7b186-de40-4cad-a1f6-dffe7142c990	3.5509472266898	694a4a01-56e0-494a-b030-0d2757edb4c1	1.25	5	75	33
9ced877c-497e-45b6-9549-562c758e00fa	3.51266237052917	694a4a01-56e0-494a-b030-0d2757edb4c1	1.25	5	75	33
0793712a-8c2c-416b-9080-6c70e46664cb	2.94826097666208	0793712a-8c2c-416b-9080-6c70e46664cb	4.25	4.25	100	33
0793712a-8c2c-416b-9080-6c70e46664cb	2.94826097666208	d6169755-eb0d-4ffe-8b01-397bf3e48f8b	4.5	3.5	75	33
eefed63b-8eeb-431b-bb50-63c25798ea83	3.37865906255911	ff492b4b-9780-4b6a-8035-afafaf1a0b7b	1.75	5	75	34
8d1e7ea2-26e3-4693-ac85-0c975dac9448	2.93679016575075	d86aef28-5ee7-4fd9-9a9b-de8cc06c4557	2.5	3.75	75	34
debd54b6-d961-4098-9292-c51a80caefb2	2.82109882226619	686509c1-fdca-4255-95fa-005b4947a0d1	2.25	5	75	34
debd54b6-d961-4098-9292-c51a80caefb2	2.82109882226619	d86aef28-5ee7-4fd9-9a9b-de8cc06c4557	2.5	3.75	100	34
bc4301e9-9b45-4464-81af-2f180218a093	2.78593353478874	686509c1-fdca-4255-95fa-005b4947a0d1	2.25	5	100	34
bc4301e9-9b45-4464-81af-2f180218a093	2.78593353478874	d86aef28-5ee7-4fd9-9a9b-de8cc06c4557	2.5	3.75	75	34
a41e2539-2194-4da3-8618-b1f5c7410576	3.36482394179072	68171ad7-2b47-4d86-b0bc-1cd6ad9b6cba	2.75	3.75	75	35
a41e2539-2194-4da3-8618-b1f5c7410576	3.36482394179072	a41e2539-2194-4da3-8618-b1f5c7410576	3	4.75	100	35
20c132ad-0c7c-41bf-a35c-5a95fa87892a	3.07783050803134	20c132ad-0c7c-41bf-a35c-5a95fa87892a	3.5	5	100	35
8d1e7ea2-26e3-4693-ac85-0c975dac9448	3.07159792145139	68171ad7-2b47-4d86-b0bc-1cd6ad9b6cba	2.75	3.75	100	35
8d1e7ea2-26e3-4693-ac85-0c975dac9448	3.07159792145139	a41e2539-2194-4da3-8618-b1f5c7410576	3	4.75	75	35
8d1e7ea2-26e3-4693-ac85-0c975dac9448	3.07159792145139	debd54b6-d961-4098-9292-c51a80caefb2	2.5	4.75	75	35
debd54b6-d961-4098-9292-c51a80caefb2	2.95059597086319	68171ad7-2b47-4d86-b0bc-1cd6ad9b6cba	2.75	3.75	75	35
debd54b6-d961-4098-9292-c51a80caefb2	2.95059597086319	debd54b6-d961-4098-9292-c51a80caefb2	2.5	4.75	100	35
bc4301e9-9b45-4464-81af-2f180218a093	2.91381647739125	debd54b6-d961-4098-9292-c51a80caefb2	2.5	4.75	75	35
0793712a-8c2c-416b-9080-6c70e46664cb	2.88960507042264	d6169755-eb0d-4ffe-8b01-397bf3e48f8b	4.5	3	75	35
694a4a01-56e0-494a-b030-0d2757edb4c1	3.75316413134477	64c7b186-de40-4cad-a1f6-dffe7142c990	1	5	75	36
694a4a01-56e0-494a-b030-0d2757edb4c1	3.75316413134477	694a4a01-56e0-494a-b030-0d2757edb4c1	1.25	5	100	36
694a4a01-56e0-494a-b030-0d2757edb4c1	3.75316413134477	eefed63b-8eeb-431b-bb50-63c25798ea83	1.5	5	75	36
eefed63b-8eeb-431b-bb50-63c25798ea83	3.72867626196853	694a4a01-56e0-494a-b030-0d2757edb4c1	1.25	5	75	36
eefed63b-8eeb-431b-bb50-63c25798ea83	3.72867626196853	ff492b4b-9780-4b6a-8035-afafaf1a0b7b	1.75	4.75	75	36
eefed63b-8eeb-431b-bb50-63c25798ea83	3.72867626196853	eefed63b-8eeb-431b-bb50-63c25798ea83	1.5	5	100	36
64c7b186-de40-4cad-a1f6-dffe7142c990	3.67227881173925	64c7b186-de40-4cad-a1f6-dffe7142c990	1	5	100	36
64c7b186-de40-4cad-a1f6-dffe7142c990	3.67227881173925	694a4a01-56e0-494a-b030-0d2757edb4c1	1.25	5	75	36
9ced877c-497e-45b6-9549-562c758e00fa	3.63268580992613	64c7b186-de40-4cad-a1f6-dffe7142c990	1	5	100	36
9ced877c-497e-45b6-9549-562c758e00fa	3.63268580992613	694a4a01-56e0-494a-b030-0d2757edb4c1	1.25	5	75	36
a41e2539-2194-4da3-8618-b1f5c7410576	3.55043206474563	a41e2539-2194-4da3-8618-b1f5c7410576	3	4.75	100	36
8d1e7ea2-26e3-4693-ac85-0c975dac9448	3.24103131349343	a41e2539-2194-4da3-8618-b1f5c7410576	3	4.75	75	36
eefed63b-8eeb-431b-bb50-63c25798ea83	3.57499828367904	ff492b4b-9780-4b6a-8035-afafaf1a0b7b	1.75	5	75	37
a41e2539-2194-4da3-8618-b1f5c7410576	3.40410044981637	f13bb7bb-9260-4400-affa-377c7236cda2	3.25	4	75	37
20c132ad-0c7c-41bf-a35c-5a95fa87892a	3.1137570279959	f13bb7bb-9260-4400-affa-377c7236cda2	3.25	4	75	37
20c132ad-0c7c-41bf-a35c-5a95fa87892a	3.1137570279959	20c132ad-0c7c-41bf-a35c-5a95fa87892a	3.5	3.75	100	37
8d1e7ea2-26e3-4693-ac85-0c975dac9448	3.10745169515488	debd54b6-d961-4098-9292-c51a80caefb2	2.5	4.5	75	37
debd54b6-d961-4098-9292-c51a80caefb2	2.98503732754859	debd54b6-d961-4098-9292-c51a80caefb2	2.5	4.5	100	37
bc4301e9-9b45-4464-81af-2f180218a093	2.94782851744017	debd54b6-d961-4098-9292-c51a80caefb2	2.5	4.5	75	37
0793712a-8c2c-416b-9080-6c70e46664cb	2.9233344967986	b47e7d4f-b0ca-48f0-97c5-cf61fe21295b	4.5	4.75	75	37
694a4a01-56e0-494a-b030-0d2757edb4c1	3.5369357710777	eefed63b-8eeb-431b-bb50-63c25798ea83	1.5	5	75	38
eefed63b-8eeb-431b-bb50-63c25798ea83	3.51385868272606	eefed63b-8eeb-431b-bb50-63c25798ea83	1.5	5	100	38
20c132ad-0c7c-41bf-a35c-5a95fa87892a	3.06050558711271	52d5d688-98d5-455a-97d8-40e74216ec3f	3.75	3.75	75	38
20c132ad-0c7c-41bf-a35c-5a95fa87892a	3.06050558711271	20c132ad-0c7c-41bf-a35c-5a95fa87892a	3.5	4.5	100	38
debd54b6-d961-4098-9292-c51a80caefb2	2.93398724551181	bc4301e9-9b45-4464-81af-2f180218a093	2.25	4	75	38
debd54b6-d961-4098-9292-c51a80caefb2	2.93398724551181	534235e5-91a6-4d11-b984-96ff5932c823	2.25	4.5	75	38
bc4301e9-9b45-4464-81af-2f180218a093	2.89741478105053	bc4301e9-9b45-4464-81af-2f180218a093	2.25	4	100	38
bc4301e9-9b45-4464-81af-2f180218a093	2.89741478105053	534235e5-91a6-4d11-b984-96ff5932c823	2.25	4.5	100	38
694a4a01-56e0-494a-b030-0d2757edb4c1	3.33979564878849	64c7b186-de40-4cad-a1f6-dffe7142c990	1	5	75	39
694a4a01-56e0-494a-b030-0d2757edb4c1	3.33979564878849	694a4a01-56e0-494a-b030-0d2757edb4c1	1.25	4.5	100	39
eefed63b-8eeb-431b-bb50-63c25798ea83	3.31800482052541	694a4a01-56e0-494a-b030-0d2757edb4c1	1.25	4.5	75	39
64c7b186-de40-4cad-a1f6-dffe7142c990	3.26781891496623	64c7b186-de40-4cad-a1f6-dffe7142c990	1	5	100	39
64c7b186-de40-4cad-a1f6-dffe7142c990	3.26781891496623	694a4a01-56e0-494a-b030-0d2757edb4c1	1.25	4.5	75	39
9ced877c-497e-45b6-9549-562c758e00fa	3.23258662904774	64c7b186-de40-4cad-a1f6-dffe7142c990	1	5	100	39
9ced877c-497e-45b6-9549-562c758e00fa	3.23258662904774	694a4a01-56e0-494a-b030-0d2757edb4c1	1.25	4.5	75	39
a41e2539-2194-4da3-8618-b1f5c7410576	3.15939221154361	86f75337-2fd7-4ef8-9c35-e1035f5482e4	2.75	4.25	75	39
8d1e7ea2-26e3-4693-ac85-0c975dac9448	2.8840684439195	d86aef28-5ee7-4fd9-9a9b-de8cc06c4557	2.5	2	75	39
8d1e7ea2-26e3-4693-ac85-0c975dac9448	2.8840684439195	86f75337-2fd7-4ef8-9c35-e1035f5482e4	2.75	4.25	100	39
debd54b6-d961-4098-9292-c51a80caefb2	2.7704539945201	d86aef28-5ee7-4fd9-9a9b-de8cc06c4557	2.5	2	100	39
debd54b6-d961-4098-9292-c51a80caefb2	2.7704539945201	86f75337-2fd7-4ef8-9c35-e1035f5482e4	2.75	4.25	75	39
bc4301e9-9b45-4464-81af-2f180218a093	2.73591998919	21bb91af-fb89-4f9b-a2ac-be9e84807e6d	2	4.75	75	39
bc4301e9-9b45-4464-81af-2f180218a093	2.73591998919	d86aef28-5ee7-4fd9-9a9b-de8cc06c4557	2.5	2	75	39
694a4a01-56e0-494a-b030-0d2757edb4c1	3.56107051785471	64c7b186-de40-4cad-a1f6-dffe7142c990	1	5	75	40
694a4a01-56e0-494a-b030-0d2757edb4c1	3.56107051785471	75291c0b-2d30-401a-b568-6147335d88a5	1	4.5	75	40
64c7b186-de40-4cad-a1f6-dffe7142c990	3.48432503561424	64c7b186-de40-4cad-a1f6-dffe7142c990	1	5	100	40
64c7b186-de40-4cad-a1f6-dffe7142c990	3.48432503561424	75291c0b-2d30-401a-b568-6147335d88a5	1	4.5	100	40
9ced877c-497e-45b6-9549-562c758e00fa	3.44675847101436	64c7b186-de40-4cad-a1f6-dffe7142c990	1	5	100	40
9ced877c-497e-45b6-9549-562c758e00fa	3.44675847101436	75291c0b-2d30-401a-b568-6147335d88a5	1	4.5	100	40
a41e2539-2194-4da3-8618-b1f5c7410576	3.36871462894185	86f75337-2fd7-4ef8-9c35-e1035f5482e4	2.75	4.5	75	40
8d1e7ea2-26e3-4693-ac85-0c975dac9448	3.07514955576287	86f75337-2fd7-4ef8-9c35-e1035f5482e4	2.75	4.5	100	40
debd54b6-d961-4098-9292-c51a80caefb2	2.95400769315594	686509c1-fdca-4255-95fa-005b4947a0d1	2.25	3.5	75	40
debd54b6-d961-4098-9292-c51a80caefb2	2.95400769315594	86f75337-2fd7-4ef8-9c35-e1035f5482e4	2.75	4.5	75	40
bc4301e9-9b45-4464-81af-2f180218a093	2.91718567085232	686509c1-fdca-4255-95fa-005b4947a0d1	2.25	3.5	100	40
0793712a-8c2c-416b-9080-6c70e46664cb	2.89294627007595	0793712a-8c2c-416b-9080-6c70e46664cb	4.25	4.5	100	40
694a4a01-56e0-494a-b030-0d2757edb4c1	3.06086577834232	61fdf88b-1db1-463f-baeb-848a9a1f815d	1.5	3.75	75	41
694a4a01-56e0-494a-b030-0d2757edb4c1	3.06086577834232	75291c0b-2d30-401a-b568-6147335d88a5	1	3	75	41
eefed63b-8eeb-431b-bb50-63c25798ea83	3.04089486925179	61fdf88b-1db1-463f-baeb-848a9a1f815d	1.5	3.75	100	41
64c7b186-de40-4cad-a1f6-dffe7142c990	2.99490032829358	75291c0b-2d30-401a-b568-6147335d88a5	1	3	100	41
9ced877c-497e-45b6-9549-562c758e00fa	2.96261053589182	75291c0b-2d30-401a-b568-6147335d88a5	1	3	100	41
a41e2539-2194-4da3-8618-b1f5c7410576	2.89552909547624	86f75337-2fd7-4ef8-9c35-e1035f5482e4	2.75	4	75	41
20c132ad-0c7c-41bf-a35c-5a95fa87892a	2.64856288337049	20c132ad-0c7c-41bf-a35c-5a95fa87892a	3.5	3.25	100	41
8d1e7ea2-26e3-4693-ac85-0c975dac9448	2.64319956378088	86f75337-2fd7-4ef8-9c35-e1035f5482e4	2.75	4	100	41
debd54b6-d961-4098-9292-c51a80caefb2	2.53907385210177	86f75337-2fd7-4ef8-9c35-e1035f5482e4	2.75	4	75	41
0793712a-8c2c-416b-9080-6c70e46664cb	2.48658940673417	b47e7d4f-b0ca-48f0-97c5-cf61fe21295b	4.5	5	75	41
694a4a01-56e0-494a-b030-0d2757edb4c1	3.53153128765866	64c7b186-de40-4cad-a1f6-dffe7142c990	1	5	75	42
eefed63b-8eeb-431b-bb50-63c25798ea83	3.50848944539087	3b947680-2625-4e70-a715-5acf8491b309	1.75	4.75	75	42
eefed63b-8eeb-431b-bb50-63c25798ea83	3.50848944539087	ff492b4b-9780-4b6a-8035-afafaf1a0b7b	1.75	4.25	75	42
64c7b186-de40-4cad-a1f6-dffe7142c990	3.45542241542864	64c7b186-de40-4cad-a1f6-dffe7142c990	1	5	100	42
9ced877c-497e-45b6-9549-562c758e00fa	3.4181674674875	64c7b186-de40-4cad-a1f6-dffe7142c990	1	5	100	42
20c132ad-0c7c-41bf-a35c-5a95fa87892a	3.05582909515718	52d5d688-98d5-455a-97d8-40e74216ec3f	3.75	4	75	42
debd54b6-d961-4098-9292-c51a80caefb2	2.92950407577462	686509c1-fdca-4255-95fa-005b4947a0d1	2.25	3.75	75	42
bc4301e9-9b45-4464-81af-2f180218a093	2.89298749470376	686509c1-fdca-4255-95fa-005b4947a0d1	2.25	3.75	100	42
20c132ad-0c7c-41bf-a35c-5a95fa87892a	3.31990851080434	c86f19a7-4709-4fee-a534-cbb721186c55	3.5	4.25	100	43
debd54b6-d961-4098-9292-c51a80caefb2	3.18266670235127	686509c1-fdca-4255-95fa-005b4947a0d1	2.25	5	75	43
debd54b6-d961-4098-9292-c51a80caefb2	3.18266670235127	bc4301e9-9b45-4464-81af-2f180218a093	2.25	4.5	75	43
debd54b6-d961-4098-9292-c51a80caefb2	3.18266670235127	534235e5-91a6-4d11-b984-96ff5932c823	2.25	4.25	75	43
debd54b6-d961-4098-9292-c51a80caefb2	3.18266670235127	79d48cba-971b-453e-8c5c-8c2bcade78a0	2.25	5	75	43
bc4301e9-9b45-4464-81af-2f180218a093	3.14299443042996	686509c1-fdca-4255-95fa-005b4947a0d1	2.25	5	100	43
bc4301e9-9b45-4464-81af-2f180218a093	3.14299443042996	bc4301e9-9b45-4464-81af-2f180218a093	2.25	4.5	100	43
bc4301e9-9b45-4464-81af-2f180218a093	3.14299443042996	534235e5-91a6-4d11-b984-96ff5932c823	2.25	4.25	100	43
bc4301e9-9b45-4464-81af-2f180218a093	3.14299443042996	79d48cba-971b-453e-8c5c-8c2bcade78a0	2.25	5	100	43
694a4a01-56e0-494a-b030-0d2757edb4c1	3.5186902410428	61fdf88b-1db1-463f-baeb-848a9a1f815d	1.5	4.25	75	44
eefed63b-8eeb-431b-bb50-63c25798ea83	3.49573219599758	61fdf88b-1db1-463f-baeb-848a9a1f815d	1.5	4.25	100	44
a41e2539-2194-4da3-8618-b1f5c7410576	3.32862357761985	68171ad7-2b47-4d86-b0bc-1cd6ad9b6cba	2.75	3.75	75	44
20c132ad-0c7c-41bf-a35c-5a95fa87892a	3.04471775468492	37b95289-ea7b-4686-b2d2-7ab47fe22aec	3.75	4	75	44
8d1e7ea2-26e3-4693-ac85-0c975dac9448	3.03855222130388	68171ad7-2b47-4d86-b0bc-1cd6ad9b6cba	2.75	3.75	100	44
8d1e7ea2-26e3-4693-ac85-0c975dac9448	3.03855222130388	debd54b6-d961-4098-9292-c51a80caefb2	2.5	5	75	44
debd54b6-d961-4098-9292-c51a80caefb2	2.9188520667218	68171ad7-2b47-4d86-b0bc-1cd6ad9b6cba	2.75	3.75	75	44
debd54b6-d961-4098-9292-c51a80caefb2	2.9188520667218	534235e5-91a6-4d11-b984-96ff5932c823	2.25	3.75	75	44
debd54b6-d961-4098-9292-c51a80caefb2	2.9188520667218	debd54b6-d961-4098-9292-c51a80caefb2	2.5	5	100	44
bc4301e9-9b45-4464-81af-2f180218a093	2.88246826316885	534235e5-91a6-4d11-b984-96ff5932c823	2.25	3.75	100	44
bc4301e9-9b45-4464-81af-2f180218a093	2.88246826316885	debd54b6-d961-4098-9292-c51a80caefb2	2.5	5	75	44
694a4a01-56e0-494a-b030-0d2757edb4c1	3.39007141928096	64c7b186-de40-4cad-a1f6-dffe7142c990	1	5	75	45
694a4a01-56e0-494a-b030-0d2757edb4c1	3.39007141928096	eefed63b-8eeb-431b-bb50-63c25798ea83	1.5	4.5	75	45
eefed63b-8eeb-431b-bb50-63c25798ea83	3.36795256129857	eefed63b-8eeb-431b-bb50-63c25798ea83	1.5	4.5	100	45
64c7b186-de40-4cad-a1f6-dffe7142c990	3.31701118044591	64c7b186-de40-4cad-a1f6-dffe7142c990	1	5	100	45
9ced877c-497e-45b6-9549-562c758e00fa	3.28124852362239	64c7b186-de40-4cad-a1f6-dffe7142c990	1	5	100	45
20c132ad-0c7c-41bf-a35c-5a95fa87892a	2.9334240677848	37b95289-ea7b-4686-b2d2-7ab47fe22aec	3.75	4.75	75	45
0793712a-8c2c-416b-9080-6c70e46664cb	2.75402984008024	0793712a-8c2c-416b-9080-6c70e46664cb	4.25	4.5	100	45
694a4a01-56e0-494a-b030-0d2757edb4c1	3.60907495407905	694a4a01-56e0-494a-b030-0d2757edb4c1	1.25	4.75	100	46
694a4a01-56e0-494a-b030-0d2757edb4c1	3.60907495407905	75291c0b-2d30-401a-b568-6147335d88a5	1	5	75	46
694a4a01-56e0-494a-b030-0d2757edb4c1	3.60907495407905	eefed63b-8eeb-431b-bb50-63c25798ea83	1.5	5	75	46
eefed63b-8eeb-431b-bb50-63c25798ea83	3.58552717829752	694a4a01-56e0-494a-b030-0d2757edb4c1	1.25	4.75	75	46
eefed63b-8eeb-431b-bb50-63c25798ea83	3.58552717829752	eefed63b-8eeb-431b-bb50-63c25798ea83	1.5	5	100	46
64c7b186-de40-4cad-a1f6-dffe7142c990	3.53129490404612	694a4a01-56e0-494a-b030-0d2757edb4c1	1.25	4.75	75	46
64c7b186-de40-4cad-a1f6-dffe7142c990	3.53129490404612	75291c0b-2d30-401a-b568-6147335d88a5	1	5	100	46
9ced877c-497e-45b6-9549-562c758e00fa	3.49322192369581	694a4a01-56e0-494a-b030-0d2757edb4c1	1.25	4.75	75	46
9ced877c-497e-45b6-9549-562c758e00fa	3.49322192369581	75291c0b-2d30-401a-b568-6147335d88a5	1	5	100	46
a41e2539-2194-4da3-8618-b1f5c7410576	3.41412602021825	86f75337-2fd7-4ef8-9c35-e1035f5482e4	2.75	4.75	75	46
8d1e7ea2-26e3-4693-ac85-0c975dac9448	3.11660359779837	86f75337-2fd7-4ef8-9c35-e1035f5482e4	2.75	4.75	100	46
debd54b6-d961-4098-9292-c51a80caefb2	2.99382868514516	86f75337-2fd7-4ef8-9c35-e1035f5482e4	2.75	4.75	75	46
694a4a01-56e0-494a-b030-0d2757edb4c1	3.39535428505849	64c7b186-de40-4cad-a1f6-dffe7142c990	1	5	75	47
eefed63b-8eeb-431b-bb50-63c25798ea83	3.37320095919924	ff492b4b-9780-4b6a-8035-afafaf1a0b7b	1.75	2.5	75	47
64c7b186-de40-4cad-a1f6-dffe7142c990	3.32218019378299	64c7b186-de40-4cad-a1f6-dffe7142c990	1	5	100	47
9ced877c-497e-45b6-9549-562c758e00fa	3.28636180672304	64c7b186-de40-4cad-a1f6-dffe7142c990	1	5	100	47
a41e2539-2194-4da3-8618-b1f5c7410576	3.21194977547725	86f75337-2fd7-4ef8-9c35-e1035f5482e4	2.75	4.75	75	47
8d1e7ea2-26e3-4693-ac85-0c975dac9448	2.93204590317283	86f75337-2fd7-4ef8-9c35-e1035f5482e4	2.75	4.75	100	47
8d1e7ea2-26e3-4693-ac85-0c975dac9448	2.93204590317283	debd54b6-d961-4098-9292-c51a80caefb2	2.5	4.5	75	47
debd54b6-d961-4098-9292-c51a80caefb2	2.81654143873653	86f75337-2fd7-4ef8-9c35-e1035f5482e4	2.75	4.75	75	47
debd54b6-d961-4098-9292-c51a80caefb2	2.81654143873653	debd54b6-d961-4098-9292-c51a80caefb2	2.5	4.5	100	47
bc4301e9-9b45-4464-81af-2f180218a093	2.78143294843695	76a55b6c-21bd-4ce7-b9c7-dd3ae6340804	2	4.25	75	47
bc4301e9-9b45-4464-81af-2f180218a093	2.78143294843695	debd54b6-d961-4098-9292-c51a80caefb2	2.5	4.5	75	47
694a4a01-56e0-494a-b030-0d2757edb4c1	3.14280696060354	64c7b186-de40-4cad-a1f6-dffe7142c990	1	5	75	48
eefed63b-8eeb-431b-bb50-63c25798ea83	3.12230140510547	3b947680-2625-4e70-a715-5acf8491b309	1.75	5	75	48
64c7b186-de40-4cad-a1f6-dffe7142c990	3.07507557716429	64c7b186-de40-4cad-a1f6-dffe7142c990	1	5	100	48
9ced877c-497e-45b6-9549-562c758e00fa	3.04192136712631	64c7b186-de40-4cad-a1f6-dffe7142c990	1	5	100	48
8d1e7ea2-26e3-4693-ac85-0c975dac9448	2.71395957322803	d86aef28-5ee7-4fd9-9a9b-de8cc06c4557	2.5	1.25	75	48
debd54b6-d961-4098-9292-c51a80caefb2	2.60704636241265	d86aef28-5ee7-4fd9-9a9b-de8cc06c4557	2.5	1.25	100	48
debd54b6-d961-4098-9292-c51a80caefb2	2.60704636241265	79d48cba-971b-453e-8c5c-8c2bcade78a0	2.25	5	75	48
bc4301e9-9b45-4464-81af-2f180218a093	2.57454924994435	d86aef28-5ee7-4fd9-9a9b-de8cc06c4557	2.5	1.25	75	48
bc4301e9-9b45-4464-81af-2f180218a093	2.57454924994435	79d48cba-971b-453e-8c5c-8c2bcade78a0	2.25	5	100	48
694a4a01-56e0-494a-b030-0d2757edb4c1	3.65916586028185	eefed63b-8eeb-431b-bb50-63c25798ea83	1.5	5	75	49
eefed63b-8eeb-431b-bb50-63c25798ea83	3.63529126757556	3b947680-2625-4e70-a715-5acf8491b309	1.75	4.25	75	49
eefed63b-8eeb-431b-bb50-63c25798ea83	3.63529126757556	eefed63b-8eeb-431b-bb50-63c25798ea83	1.5	5	100	49
a41e2539-2194-4da3-8618-b1f5c7410576	3.46151122558463	8d1e7ea2-26e3-4693-ac85-0c975dac9448	2.75	5	75	49
20c132ad-0c7c-41bf-a35c-5a95fa87892a	3.16627111172818	20c132ad-0c7c-41bf-a35c-5a95fa87892a	3.5	4	100	49
8d1e7ea2-26e3-4693-ac85-0c975dac9448	3.15985943496915	8d1e7ea2-26e3-4693-ac85-0c975dac9448	2.75	5	100	49
debd54b6-d961-4098-9292-c51a80caefb2	3.03538052884005	8d1e7ea2-26e3-4693-ac85-0c975dac9448	2.75	5	75	49
0793712a-8c2c-416b-9080-6c70e46664cb	2.97263706992761	0793712a-8c2c-416b-9080-6c70e46664cb	4.25	4.75	100	49
694a4a01-56e0-494a-b030-0d2757edb4c1	3.20811969049345	eefed63b-8eeb-431b-bb50-63c25798ea83	1.5	3.75	75	50
eefed63b-8eeb-431b-bb50-63c25798ea83	3.18718798944034	eefed63b-8eeb-431b-bb50-63c25798ea83	1.5	3.75	100	50
a41e2539-2194-4da3-8618-b1f5c7410576	3.03482890573841	a41e2539-2194-4da3-8618-b1f5c7410576	3	4.5	100	50
8d1e7ea2-26e3-4693-ac85-0c975dac9448	2.77036014681444	a41e2539-2194-4da3-8618-b1f5c7410576	3	4.5	75	50
8d1e7ea2-26e3-4693-ac85-0c975dac9448	2.77036014681444	debd54b6-d961-4098-9292-c51a80caefb2	2.5	4.25	75	50
debd54b6-d961-4098-9292-c51a80caefb2	2.66122509799654	534235e5-91a6-4d11-b984-96ff5932c823	2.25	3.75	75	50
debd54b6-d961-4098-9292-c51a80caefb2	2.66122509799654	debd54b6-d961-4098-9292-c51a80caefb2	2.5	4.25	100	50
bc4301e9-9b45-4464-81af-2f180218a093	2.62805264587401	534235e5-91a6-4d11-b984-96ff5932c823	2.25	3.75	100	50
bc4301e9-9b45-4464-81af-2f180218a093	2.62805264587401	debd54b6-d961-4098-9292-c51a80caefb2	2.5	4.25	75	50
694a4a01-56e0-494a-b030-0d2757edb4c1	3.46181686719938	61fdf88b-1db1-463f-baeb-848a9a1f815d	1.5	3.75	75	51
694a4a01-56e0-494a-b030-0d2757edb4c1	3.46181686719938	9ced877c-497e-45b6-9549-562c758e00fa	1	5	75	51
eefed63b-8eeb-431b-bb50-63c25798ea83	3.43922989962978	61fdf88b-1db1-463f-baeb-848a9a1f815d	1.5	3.75	100	51
64c7b186-de40-4cad-a1f6-dffe7142c990	3.38721042497316	9ced877c-497e-45b6-9549-562c758e00fa	1	5	100	51
9ced877c-497e-45b6-9549-562c758e00fa	3.35069090858086	9ced877c-497e-45b6-9549-562c758e00fa	1	5	100	51
a41e2539-2194-4da3-8618-b1f5c7410576	3.27482229431184	f73b79c3-6390-4cdb-a96a-0a2fae700005	3.25	3	75	51
20c132ad-0c7c-41bf-a35c-5a95fa87892a	2.99550530412551	f73b79c3-6390-4cdb-a96a-0a2fae700005	3.25	3	75	51
bc4301e9-9b45-4464-81af-2f180218a093	2.83587828774684	21bb91af-fb89-4f9b-a2ac-be9e84807e6d	2	4.75	75	51
694a4a01-56e0-494a-b030-0d2757edb4c1	3.26600361711986	9ced877c-497e-45b6-9549-562c758e00fa	1	5	75	52
64c7b186-de40-4cad-a1f6-dffe7142c990	3.19561717335384	9ced877c-497e-45b6-9549-562c758e00fa	1	5	100	52
9ced877c-497e-45b6-9549-562c758e00fa	3.16116334314828	9ced877c-497e-45b6-9549-562c758e00fa	1	5	100	52
20c132ad-0c7c-41bf-a35c-5a95fa87892a	2.82606836003201	20c132ad-0c7c-41bf-a35c-5a95fa87892a	3.5	3.25	100	52
20c132ad-0c7c-41bf-a35c-5a95fa87892a	2.82606836003201	c86f19a7-4709-4fee-a534-cbb721186c55	3.5	4.25	100	52
debd54b6-d961-4098-9292-c51a80caefb2	2.70924143131204	686509c1-fdca-4255-95fa-005b4947a0d1	2.25	4.25	75	52
bc4301e9-9b45-4464-81af-2f180218a093	2.67547044735137	686509c1-fdca-4255-95fa-005b4947a0d1	2.25	4.25	100	52
0793712a-8c2c-416b-9080-6c70e46664cb	2.65323949222153	d6169755-eb0d-4ffe-8b01-397bf3e48f8b	4.5	3	75	52
694a4a01-56e0-494a-b030-0d2757edb4c1	3.46893435454741	eefed63b-8eeb-431b-bb50-63c25798ea83	1.5	5	75	53
eefed63b-8eeb-431b-bb50-63c25798ea83	3.44630094530281	eefed63b-8eeb-431b-bb50-63c25798ea83	1.5	5	100	53
a41e2539-2194-4da3-8618-b1f5c7410576	3.28155531881228	86f75337-2fd7-4ef8-9c35-e1035f5482e4	2.75	4.75	75	53
8d1e7ea2-26e3-4693-ac85-0c975dac9448	2.99558570461987	86f75337-2fd7-4ef8-9c35-e1035f5482e4	2.75	4.75	100	53
debd54b6-d961-4098-9292-c51a80caefb2	2.87757816906812	bc4301e9-9b45-4464-81af-2f180218a093	2.25	4.25	75	53
debd54b6-d961-4098-9292-c51a80caefb2	2.87757816906812	86f75337-2fd7-4ef8-9c35-e1035f5482e4	2.75	4.75	75	53
bc4301e9-9b45-4464-81af-2f180218a093	2.84170884713368	bc4301e9-9b45-4464-81af-2f180218a093	2.25	4.25	100	53
bc4301e9-9b45-4464-81af-2f180218a093	2.84170884713368	21bb91af-fb89-4f9b-a2ac-be9e84807e6d	2	4.75	75	53
