694A4A01-56E0-494A-B030-0D2757EDB4C1	3.30852967290166	686509C1-FDCA-4255-95FA-005B4947A0D1	2	4.25	75	1
EEFED63B-8EEB-431B-BB50-63C25798EA83	3.19454861375782	EEFED63B-8EEB-431B-BB50-63C25798EA83	3.25	3.5	100	1
9CED877C-497E-45B6-9549-562C758E00FA	3.08901507431149	9CED877C-497E-45B6-9549-562C758E00FA	4.5	5	100	1
20C132AD-0C7C-41BF-A35C-5A95FA87892A	3.05662014919572	EEFED63B-8EEB-431B-BB50-63C25798EA83	3.25	3.5	75	1
64C7B186-DE40-4CAD-A1F6-DFFE7142C990	2.99584170699139	9CED877C-497E-45B6-9549-562C758E00FA	4.5	5	75	1
A41E2539-2194-4DA3-8618-B1F5C7410576	2.96280470331495	9CED877C-497E-45B6-9549-562C758E00FA	4.5	5	75	1
0F667EC6-D35A-4EC1-945F-921A64BE56A3	2.90641082673258	D86AEF28-5EE7-4FD9-9A9B-DE8CC06C4557	1	3.25	100	1
BC4301E9-9B45-4464-81AF-2F180218A093	2.74583305324339	D86AEF28-5EE7-4FD9-9A9B-DE8CC06C4557	1	3.25	100	1
694A4A01-56E0-494A-B030-0D2757EDB4C1	3.40159738767585	694A4A01-56E0-494A-B030-0D2757EDB4C1	1.75	5	100	2
EEFED63B-8EEB-431B-BB50-63C25798EA83	3.28441005693569	20C132AD-0C7C-41BF-A35C-5A95FA87892A	3	3.75	75	2
EEFED63B-8EEB-431B-BB50-63C25798EA83	3.28441005693569	EEFED63B-8EEB-431B-BB50-63C25798EA83	3.25	4.25	100	2
20C132AD-0C7C-41BF-A35C-5A95FA87892A	3.14260172805944	20C132AD-0C7C-41BF-A35C-5A95FA87892A	3	3.75	100	2
20C132AD-0C7C-41BF-A35C-5A95FA87892A	3.14260172805944	8D1E7EA2-26E3-4693-AC85-0C975DAC9448	2.75	5	75	2
20C132AD-0C7C-41BF-A35C-5A95FA87892A	3.14260172805944	EEFED63B-8EEB-431B-BB50-63C25798EA83	3.25	4.25	75	2
DEBD54B6-D961-4098-9292-C51A80CAEFB2	3.09832128974977	20C132AD-0C7C-41BF-A35C-5A95FA87892A	3	3.75	75	2
DEBD54B6-D961-4098-9292-C51A80CAEFB2	3.09832128974977	8D1E7EA2-26E3-4693-AC85-0C975DAC9448	2.75	5	100	2
8D1E7EA2-26E3-4693-AC85-0C975DAC9448	2.92828258951281	20C132AD-0C7C-41BF-A35C-5A95FA87892A	3	3.75	75	2
8D1E7EA2-26E3-4693-AC85-0C975DAC9448	2.92828258951281	8D1E7EA2-26E3-4693-AC85-0C975DAC9448	2.75	5	100	2
694A4A01-56E0-494A-B030-0D2757EDB4C1	3.84445617399987	61FDF88B-1DB1-463F-BAEB-848A9A1F815D	1.5	5	75	3
694A4A01-56E0-494A-B030-0D2757EDB4C1	3.84445617399987	694A4A01-56E0-494A-B030-0D2757EDB4C1	1.75	5	100	3
EEFED63B-8EEB-431B-BB50-63C25798EA83	3.71201205849236	20C132AD-0C7C-41BF-A35C-5A95FA87892A	3	5	75	3
20C132AD-0C7C-41BF-A35C-5A95FA87892A	3.55174150296003	20C132AD-0C7C-41BF-A35C-5A95FA87892A	3	5	100	3
DEBD54B6-D961-4098-9292-C51A80CAEFB2	3.50169613135276	20C132AD-0C7C-41BF-A35C-5A95FA87892A	3	5	75	3
64C7B186-DE40-4CAD-A1F6-DFFE7142C990	3.4811179820883	76A55B6C-21BD-4CE7-B9C7-DD3AE6340804	5	4.75	75	3
A41E2539-2194-4DA3-8618-B1F5C7410576	3.44272952262815	76A55B6C-21BD-4CE7-B9C7-DD3AE6340804	5	4.75	75	3
0F667EC6-D35A-4EC1-945F-921A64BE56A3	3.37720077925955	BC4301E9-9B45-4464-81AF-2F180218A093	1	4.5	100	3
8D1E7EA2-26E3-4693-AC85-0C975DAC9448	3.30951985132676	20C132AD-0C7C-41BF-A35C-5A95FA87892A	3	5	75	3
BC4301E9-9B45-4464-81AF-2F180218A093	3.19061208209578	BC4301E9-9B45-4464-81AF-2F180218A093	1	4.5	100	3
EEFED63B-8EEB-431B-BB50-63C25798EA83	3.25677077276211	68171AD7-2B47-4D86-B0BC-1CD6AD9B6CBA	3.25	4.25	100	4
EEFED63B-8EEB-431B-BB50-63C25798EA83	3.25677077276211	EEFED63B-8EEB-431B-BB50-63C25798EA83	3.25	5	100	4
20C132AD-0C7C-41BF-A35C-5A95FA87892A	3.1161558076365	68171AD7-2B47-4D86-B0BC-1CD6AD9B6CBA	3.25	4.25	75	4
20C132AD-0C7C-41BF-A35C-5A95FA87892A	3.1161558076365	8D1E7EA2-26E3-4693-AC85-0C975DAC9448	2.75	5	75	4
20C132AD-0C7C-41BF-A35C-5A95FA87892A	3.1161558076365	EEFED63B-8EEB-431B-BB50-63C25798EA83	3.25	5	75	4
DEBD54B6-D961-4098-9292-C51A80CAEFB2	3.07224799522256	8D1E7EA2-26E3-4693-AC85-0C975DAC9448	2.75	5	100	4
0F667EC6-D35A-4EC1-945F-921A64BE56A3	2.96302075792865	BC4301E9-9B45-4464-81AF-2F180218A093	1	4	100	4
8D1E7EA2-26E3-4693-AC85-0C975DAC9448	2.90364022030791	8D1E7EA2-26E3-4693-AC85-0C975DAC9448	2.75	5	100	4
BC4301E9-9B45-4464-81AF-2F180218A093	2.79931530560839	BC4301E9-9B45-4464-81AF-2F180218A093	1	4	100	4
694A4A01-56E0-494A-B030-0D2757EDB4C1	2.99818381058135	D232AFDB-9ADC-4D08-BFAB-7996BE42E53E	2	3.25	75	5
694A4A01-56E0-494A-B030-0D2757EDB4C1	2.99818381058135	61FDF88B-1DB1-463F-BAEB-848A9A1F815D	1.5	2.25	75	5
EEFED63B-8EEB-431B-BB50-63C25798EA83	2.89489437337396	20C132AD-0C7C-41BF-A35C-5A95FA87892A	3	4	75	5
20C132AD-0C7C-41BF-A35C-5A95FA87892A	2.76990383393739	20C132AD-0C7C-41BF-A35C-5A95FA87892A	3	4	100	5
20C132AD-0C7C-41BF-A35C-5A95FA87892A	2.76990383393739	DEBD54B6-D961-4098-9292-C51A80CAEFB2	2.75	4	75	5
DEBD54B6-D961-4098-9292-C51A80CAEFB2	2.73087485117058	20C132AD-0C7C-41BF-A35C-5A95FA87892A	3	4	75	5
DEBD54B6-D961-4098-9292-C51A80CAEFB2	2.73087485117058	DEBD54B6-D961-4098-9292-C51A80CAEFB2	2.75	4	100	5
0F667EC6-D35A-4EC1-945F-921A64BE56A3	2.63378440989539	F13BB7BB-9260-4400-AFFA-377C7236CDA2	1.25	3.5	75	5
0F667EC6-D35A-4EC1-945F-921A64BE56A3	2.63378440989539	0F667EC6-D35A-4EC1-945F-921A64BE56A3	1	3.75	100	5
8D1E7EA2-26E3-4693-AC85-0C975DAC9448	2.58100194905309	20C132AD-0C7C-41BF-A35C-5A95FA87892A	3	4	75	5
8D1E7EA2-26E3-4693-AC85-0C975DAC9448	2.58100194905309	DEBD54B6-D961-4098-9292-C51A80CAEFB2	2.75	4	100	5
BC4301E9-9B45-4464-81AF-2F180218A093	2.48826910562145	F13BB7BB-9260-4400-AFFA-377C7236CDA2	1.25	3.5	75	5
BC4301E9-9B45-4464-81AF-2F180218A093	2.48826910562145	0F667EC6-D35A-4EC1-945F-921A64BE56A3	1	3.75	100	5
694A4A01-56E0-494A-B030-0D2757EDB4C1	2.88419032270342	686509C1-FDCA-4255-95FA-005B4947A0D1	2	4.5	75	6
694A4A01-56E0-494A-B030-0D2757EDB4C1	2.88419032270342	10A30E85-8A3E-44FB-ABBA-FD62244EA179	1.75	5	100	6
9CED877C-497E-45B6-9549-562C758E00FA	2.69282983048612	9CED877C-497E-45B6-9549-562C758E00FA	4.5	4.25	100	6
64C7B186-DE40-4CAD-A1F6-DFFE7142C990	2.6116065456725	9CED877C-497E-45B6-9549-562C758E00FA	4.5	4.25	75	6
A41E2539-2194-4DA3-8618-B1F5C7410576	2.58280671181367	9CED877C-497E-45B6-9549-562C758E00FA	4.5	4.25	75	6
694A4A01-56E0-494A-B030-0D2757EDB4C1	3.61994007013952	61FDF88B-1DB1-463F-BAEB-848A9A1F815D	1.5	4.75	75	7
EEFED63B-8EEB-431B-BB50-63C25798EA83	3.4952306872944	EEFED63B-8EEB-431B-BB50-63C25798EA83	3.25	3.25	100	7
20C132AD-0C7C-41BF-A35C-5A95FA87892A	3.34431992492949	534235E5-91A6-4D11-B984-96FF5932C823	2.75	5	75	7
20C132AD-0C7C-41BF-A35C-5A95FA87892A	3.34431992492949	8D1E7EA2-26E3-4693-AC85-0C975DAC9448	2.75	5	75	7
20C132AD-0C7C-41BF-A35C-5A95FA87892A	3.34431992492949	EEFED63B-8EEB-431B-BB50-63C25798EA83	3.25	3.25	75	7
DEBD54B6-D961-4098-9292-C51A80CAEFB2	3.29719720120077	534235E5-91A6-4D11-B984-96FF5932C823	2.75	5	100	7
DEBD54B6-D961-4098-9292-C51A80CAEFB2	3.29719720120077	8D1E7EA2-26E3-4693-AC85-0C975DAC9448	2.75	5	100	7
0F667EC6-D35A-4EC1-945F-921A64BE56A3	3.17997237371788	0F667EC6-D35A-4EC1-945F-921A64BE56A3	1	5	100	7
8D1E7EA2-26E3-4693-AC85-0C975DAC9448	3.11624400951417	534235E5-91A6-4D11-B984-96FF5932C823	2.75	5	100	7
8D1E7EA2-26E3-4693-AC85-0C975DAC9448	3.11624400951417	8D1E7EA2-26E3-4693-AC85-0C975DAC9448	2.75	5	100	7
BC4301E9-9B45-4464-81AF-2F180218A093	3.00428045000535	0F667EC6-D35A-4EC1-945F-921A64BE56A3	1	5	100	7
EEFED63B-8EEB-431B-BB50-63C25798EA83	3.40873350435076	20C132AD-0C7C-41BF-A35C-5A95FA87892A	3	5	75	8
EEFED63B-8EEB-431B-BB50-63C25798EA83	3.40873350435076	EEFED63B-8EEB-431B-BB50-63C25798EA83	3.25	5	100	8
9CED877C-497E-45B6-9549-562C758E00FA	3.29612427072719	A41E2539-2194-4DA3-8618-B1F5C7410576	4.75	5	75	8
20C132AD-0C7C-41BF-A35C-5A95FA87892A	3.26155736190316	20C132AD-0C7C-41BF-A35C-5A95FA87892A	3	5	100	8
20C132AD-0C7C-41BF-A35C-5A95FA87892A	3.26155736190316	8D1E7EA2-26E3-4693-AC85-0C975DAC9448	2.75	5	75	8
20C132AD-0C7C-41BF-A35C-5A95FA87892A	3.26155736190316	EEFED63B-8EEB-431B-BB50-63C25798EA83	3.25	5	75	8
DEBD54B6-D961-4098-9292-C51A80CAEFB2	3.21560079409104	20C132AD-0C7C-41BF-A35C-5A95FA87892A	3	5	75	8
DEBD54B6-D961-4098-9292-C51A80CAEFB2	3.21560079409104	8D1E7EA2-26E3-4693-AC85-0C975DAC9448	2.75	5	100	8
64C7B186-DE40-4CAD-A1F6-DFFE7142C990	3.19670391965185	A41E2539-2194-4DA3-8618-B1F5C7410576	4.75	5	100	8
A41E2539-2194-4DA3-8618-B1F5C7410576	3.16145187066302	A41E2539-2194-4DA3-8618-B1F5C7410576	4.75	5	100	8
0F667EC6-D35A-4EC1-945F-921A64BE56A3	3.10127695323461	F13BB7BB-9260-4400-AFFA-377C7236CDA2	1.25	1.75	75	8
8D1E7EA2-26E3-4693-AC85-0C975DAC9448	3.03912568838822	20C132AD-0C7C-41BF-A35C-5A95FA87892A	3	5	75	8
8D1E7EA2-26E3-4693-AC85-0C975DAC9448	3.03912568838822	8D1E7EA2-26E3-4693-AC85-0C975DAC9448	2.75	5	100	8
BC4301E9-9B45-4464-81AF-2F180218A093	2.92993291052585	F13BB7BB-9260-4400-AFFA-377C7236CDA2	1.25	1.75	75	8
EEFED63B-8EEB-431B-BB50-63C25798EA83	1.93294583138935	20C132AD-0C7C-41BF-A35C-5A95FA87892A	3	3	75	9
9CED877C-497E-45B6-9549-562C758E00FA	1.86908999596686	0793712A-8C2C-416B-9080-6C70E46664CB	4.5	1.25	100	9
20C132AD-0C7C-41BF-A35C-5A95FA87892A	1.84948858984086	20C132AD-0C7C-41BF-A35C-5A95FA87892A	3	3	100	9
20C132AD-0C7C-41BF-A35C-5A95FA87892A	1.84948858984086	534235E5-91A6-4D11-B984-96FF5932C823	2.75	1.25	75	9
DEBD54B6-D961-4098-9292-C51A80CAEFB2	1.82342860141159	20C132AD-0C7C-41BF-A35C-5A95FA87892A	3	3	75	9
DEBD54B6-D961-4098-9292-C51A80CAEFB2	1.82342860141159	534235E5-91A6-4D11-B984-96FF5932C823	2.75	1.25	100	9
64C7B186-DE40-4CAD-A1F6-DFFE7142C990	1.81271300069896	0793712A-8C2C-416B-9080-6C70E46664CB	4.5	1.25	75	9
A41E2539-2194-4DA3-8618-B1F5C7410576	1.79272308076682	0793712A-8C2C-416B-9080-6C70E46664CB	4.5	1.25	75	9
0F667EC6-D35A-4EC1-945F-921A64BE56A3	1.75860048111762	D86AEF28-5EE7-4FD9-9A9B-DE8CC06C4557	1	3.75	100	9
8D1E7EA2-26E3-4693-AC85-0C975DAC9448	1.7233571747052	20C132AD-0C7C-41BF-A35C-5A95FA87892A	3	3	75	9
8D1E7EA2-26E3-4693-AC85-0C975DAC9448	1.7233571747052	534235E5-91A6-4D11-B984-96FF5932C823	2.75	1.25	100	9
BC4301E9-9B45-4464-81AF-2F180218A093	1.66143866005286	D86AEF28-5EE7-4FD9-9A9B-DE8CC06C4557	1	3.75	100	9
694A4A01-56E0-494A-B030-0D2757EDB4C1	3.68858828587107	694A4A01-56E0-494A-B030-0D2757EDB4C1	1.75	5	100	10
EEFED63B-8EEB-431B-BB50-63C25798EA83	3.56151391067834	20C132AD-0C7C-41BF-A35C-5A95FA87892A	3	5	75	10
20C132AD-0C7C-41BF-A35C-5A95FA87892A	3.40774130325468	20C132AD-0C7C-41BF-A35C-5A95FA87892A	3	5	100	10
20C132AD-0C7C-41BF-A35C-5A95FA87892A	3.40774130325468	534235E5-91A6-4D11-B984-96FF5932C823	2.75	4.5	75	10
DEBD54B6-D961-4098-9292-C51A80CAEFB2	3.35972495155412	20C132AD-0C7C-41BF-A35C-5A95FA87892A	3	5	75	10
DEBD54B6-D961-4098-9292-C51A80CAEFB2	3.35972495155412	534235E5-91A6-4D11-B984-96FF5932C823	2.75	4.5	100	10
0F667EC6-D35A-4EC1-945F-921A64BE56A3	3.24027708172785	D86AEF28-5EE7-4FD9-9A9B-DE8CC06C4557	1	3.75	100	10
8D1E7EA2-26E3-4693-AC85-0C975DAC9448	3.17534017990587	20C132AD-0C7C-41BF-A35C-5A95FA87892A	3	5	75	10
8D1E7EA2-26E3-4693-AC85-0C975DAC9448	3.17534017990587	534235E5-91A6-4D11-B984-96FF5932C823	2.75	4.5	100	10
BC4301E9-9B45-4464-81AF-2F180218A093	3.06125335077957	D86AEF28-5EE7-4FD9-9A9B-DE8CC06C4557	1	3.75	100	10
694A4A01-56E0-494A-B030-0D2757EDB4C1	3.73625488285632	694A4A01-56E0-494A-B030-0D2757EDB4C1	1.75	5	100	11
64C7B186-DE40-4CAD-A1F6-DFFE7142C990	3.38314275519964	79D48CBA-971B-453E-8C5C-8C2BCADE78A0	5	5	75	11
64C7B186-DE40-4CAD-A1F6-DFFE7142C990	3.38314275519964	76A55B6C-21BD-4CE7-B9C7-DD3AE6340804	5	4.75	75	11
64C7B186-DE40-4CAD-A1F6-DFFE7142C990	3.38314275519964	D6169755-EB0D-4FFE-8B01-397BF3E48F8B	5	3	75	11
A41E2539-2194-4DA3-8618-B1F5C7410576	3.34583473001429	79D48CBA-971B-453E-8C5C-8C2BCADE78A0	5	5	75	11
A41E2539-2194-4DA3-8618-B1F5C7410576	3.34583473001429	76A55B6C-21BD-4CE7-B9C7-DD3AE6340804	5	4.75	75	11
A41E2539-2194-4DA3-8618-B1F5C7410576	3.34583473001429	D6169755-EB0D-4FFE-8B01-397BF3E48F8B	5	3	75	11
0F667EC6-D35A-4EC1-945F-921A64BE56A3	3.28215027832292	0F667EC6-D35A-4EC1-945F-921A64BE56A3	1	5	100	11
BC4301E9-9B45-4464-81AF-2F180218A093	3.10081307491014	0F667EC6-D35A-4EC1-945F-921A64BE56A3	1	5	100	11
9CED877C-497E-45B6-9549-562C758E00FA	3.01113524249633	9CED877C-497E-45B6-9549-562C758E00FA	4.5	3.25	100	12
64C7B186-DE40-4CAD-A1F6-DFFE7142C990	2.92031095895264	9CED877C-497E-45B6-9549-562C758E00FA	4.5	3.25	75	12
A41E2539-2194-4DA3-8618-B1F5C7410576	2.8881068686188	9CED877C-497E-45B6-9549-562C758E00FA	4.5	3.25	75	12
0F667EC6-D35A-4EC1-945F-921A64BE56A3	2.83313478596273	0F667EC6-D35A-4EC1-945F-921A64BE56A3	1	5	100	12
BC4301E9-9B45-4464-81AF-2F180218A093	2.67660546974399	0F667EC6-D35A-4EC1-945F-921A64BE56A3	1	5	100	12
EEFED63B-8EEB-431B-BB50-63C25798EA83	2.90970471845238	20C132AD-0C7C-41BF-A35C-5A95FA87892A	3	5	75	13
9CED877C-497E-45B6-9549-562C758E00FA	2.81358115497081	9CED877C-497E-45B6-9549-562C758E00FA	4.5	3	100	13
20C132AD-0C7C-41BF-A35C-5A95FA87892A	2.78407474149894	20C132AD-0C7C-41BF-A35C-5A95FA87892A	3	5	100	13
20C132AD-0C7C-41BF-A35C-5A95FA87892A	2.78407474149894	DEBD54B6-D961-4098-9292-C51A80CAEFB2	2.75	4	75	13
DEBD54B6-D961-4098-9292-C51A80CAEFB2	2.74484608309975	20C132AD-0C7C-41BF-A35C-5A95FA87892A	3	5	75	13
DEBD54B6-D961-4098-9292-C51A80CAEFB2	2.74484608309975	DEBD54B6-D961-4098-9292-C51A80CAEFB2	2.75	4	100	13
64C7B186-DE40-4CAD-A1F6-DFFE7142C990	2.72871565644444	76A55B6C-21BD-4CE7-B9C7-DD3AE6340804	5	4.75	75	13
64C7B186-DE40-4CAD-A1F6-DFFE7142C990	2.72871565644444	9CED877C-497E-45B6-9549-562C758E00FA	4.5	3	75	13
A41E2539-2194-4DA3-8618-B1F5C7410576	2.69862440688294	76A55B6C-21BD-4CE7-B9C7-DD3AE6340804	5	4.75	75	13
A41E2539-2194-4DA3-8618-B1F5C7410576	2.69862440688294	9CED877C-497E-45B6-9549-562C758E00FA	4.5	3	75	13
8D1E7EA2-26E3-4693-AC85-0C975DAC9448	2.59420642484754	20C132AD-0C7C-41BF-A35C-5A95FA87892A	3	5	75	13
8D1E7EA2-26E3-4693-AC85-0C975DAC9448	2.59420642484754	DEBD54B6-D961-4098-9292-C51A80CAEFB2	2.75	4	100	13
694A4A01-56E0-494A-B030-0D2757EDB4C1	3.33486199393762	D232AFDB-9ADC-4D08-BFAB-7996BE42E53E	2	3.75	75	14
EEFED63B-8EEB-431B-BB50-63C25798EA83	3.21997374155667	FF492B4B-9780-4B6A-8035-AFAFAF1A0B7B	3.5	4.25	75	14
9CED877C-497E-45B6-9549-562C758E00FA	3.11360028404553	64C7B186-DE40-4CAD-A1F6-DFFE7142C990	4.75	1.25	75	14
64C7B186-DE40-4CAD-A1F6-DFFE7142C990	3.01968536746227	64C7B186-DE40-4CAD-A1F6-DFFE7142C990	4.75	1.25	100	14
64C7B186-DE40-4CAD-A1F6-DFFE7142C990	3.01968536746227	79D48CBA-971B-453E-8C5C-8C2BCADE78A0	5	5	75	14
A41E2539-2194-4DA3-8618-B1F5C7410576	2.98638541338285	64C7B186-DE40-4CAD-A1F6-DFFE7142C990	4.75	1.25	100	14
A41E2539-2194-4DA3-8618-B1F5C7410576	2.98638541338285	79D48CBA-971B-453E-8C5C-8C2BCADE78A0	5	5	75	14
0F667EC6-D35A-4EC1-945F-921A64BE56A3	2.9295427011208	0F667EC6-D35A-4EC1-945F-921A64BE56A3	1	4.5	100	14
BC4301E9-9B45-4464-81AF-2F180218A093	2.76768689498668	0F667EC6-D35A-4EC1-945F-921A64BE56A3	1	4.5	100	14
EEFED63B-8EEB-431B-BB50-63C25798EA83	3.33859040019783	EEFED63B-8EEB-431B-BB50-63C25798EA83	3.25	3.25	100	15
9CED877C-497E-45B6-9549-562C758E00FA	3.22829838023085	0793712A-8C2C-416B-9080-6C70E46664CB	4.5	5	100	15
9CED877C-497E-45B6-9549-562C758E00FA	3.22829838023085	9CED877C-497E-45B6-9549-562C758E00FA	4.5	5	100	15
20C132AD-0C7C-41BF-A35C-5A95FA87892A	3.19444277034269	EEFED63B-8EEB-431B-BB50-63C25798EA83	3.25	3.25	75	15
64C7B186-DE40-4CAD-A1F6-DFFE7142C990	3.1309238472583	76A55B6C-21BD-4CE7-B9C7-DD3AE6340804	5	4.75	75	15
64C7B186-DE40-4CAD-A1F6-DFFE7142C990	3.1309238472583	0793712A-8C2C-416B-9080-6C70E46664CB	4.5	5	75	15
64C7B186-DE40-4CAD-A1F6-DFFE7142C990	3.1309238472583	9CED877C-497E-45B6-9549-562C758E00FA	4.5	5	75	15
A41E2539-2194-4DA3-8618-B1F5C7410576	3.09639719708662	76A55B6C-21BD-4CE7-B9C7-DD3AE6340804	5	4.75	75	15
A41E2539-2194-4DA3-8618-B1F5C7410576	3.09639719708662	0793712A-8C2C-416B-9080-6C70E46664CB	4.5	5	75	15
A41E2539-2194-4DA3-8618-B1F5C7410576	3.09639719708662	9CED877C-497E-45B6-9549-562C758E00FA	4.5	5	75	15
0F667EC6-D35A-4EC1-945F-921A64BE56A3	3.03746052639805	F13BB7BB-9260-4400-AFFA-377C7236CDA2	1.25	3.75	75	15
BC4301E9-9B45-4464-81AF-2F180218A093	2.86964231274476	F13BB7BB-9260-4400-AFFA-377C7236CDA2	1.25	3.75	75	15
EEFED63B-8EEB-431B-BB50-63C25798EA83	3.56703405314414	FF492B4B-9780-4B6A-8035-AFAFAF1A0B7B	3.5	4.75	75	16
9CED877C-497E-45B6-9549-562C758E00FA	3.44919527085647	A41E2539-2194-4DA3-8618-B1F5C7410576	4.75	5	75	16
9CED877C-497E-45B6-9549-562C758E00FA	3.44919527085647	9CED877C-497E-45B6-9549-562C758E00FA	4.5	4.75	100	16
20C132AD-0C7C-41BF-A35C-5A95FA87892A	3.41302309960635	DEBD54B6-D961-4098-9292-C51A80CAEFB2	2.75	5	75	16
DEBD54B6-D961-4098-9292-C51A80CAEFB2	3.36493230802576	DEBD54B6-D961-4098-9292-C51A80CAEFB2	2.75	5	100	16
64C7B186-DE40-4CAD-A1F6-DFFE7142C990	3.34515787035344	A41E2539-2194-4DA3-8618-B1F5C7410576	4.75	5	100	16
64C7B186-DE40-4CAD-A1F6-DFFE7142C990	3.34515787035344	9CED877C-497E-45B6-9549-562C758E00FA	4.5	4.75	75	16
A41E2539-2194-4DA3-8618-B1F5C7410576	3.3082687290029	A41E2539-2194-4DA3-8618-B1F5C7410576	4.75	5	100	16
A41E2539-2194-4DA3-8618-B1F5C7410576	3.3082687290029	9CED877C-497E-45B6-9549-562C758E00FA	4.5	4.75	75	16
8D1E7EA2-26E3-4693-AC85-0C975DAC9448	3.18026175438445	DEBD54B6-D961-4098-9292-C51A80CAEFB2	2.75	5	100	16
694A4A01-56E0-494A-B030-0D2757EDB4C1	3.41018238252692	694A4A01-56E0-494A-B030-0D2757EDB4C1	1.75	5	100	17
EEFED63B-8EEB-431B-BB50-63C25798EA83	3.29269929197884	EEFED63B-8EEB-431B-BB50-63C25798EA83	3.25	4	100	17
9CED877C-497E-45B6-9549-562C758E00FA	3.18392330862975	0793712A-8C2C-416B-9080-6C70E46664CB	4.5	4.25	100	17
20C132AD-0C7C-41BF-A35C-5A95FA87892A	3.15053306623236	EEFED63B-8EEB-431B-BB50-63C25798EA83	3.25	4	75	17
64C7B186-DE40-4CAD-A1F6-DFFE7142C990	3.08788725201205	0793712A-8C2C-416B-9080-6C70E46664CB	4.5	4.25	75	17
64C7B186-DE40-4CAD-A1F6-DFFE7142C990	3.08788725201205	D6169755-EB0D-4FFE-8B01-397BF3E48F8B	5	3.25	75	17
A41E2539-2194-4DA3-8618-B1F5C7410576	3.05383519362413	0793712A-8C2C-416B-9080-6C70E46664CB	4.5	4.25	75	17
A41E2539-2194-4DA3-8618-B1F5C7410576	3.05383519362413	D6169755-EB0D-4FFE-8B01-397BF3E48F8B	5	3.25	75	17
9CED877C-497E-45B6-9549-562C758E00FA	3.29586589287117	A41E2539-2194-4DA3-8618-B1F5C7410576	4.75	5	75	18
9CED877C-497E-45B6-9549-562C758E00FA	3.29586589287117	37B95289-EA7B-4686-B2D2-7AB47FE22AEC	4.25	3.75	75	18
9CED877C-497E-45B6-9549-562C758E00FA	3.29586589287117	9CED877C-497E-45B6-9549-562C758E00FA	4.5	5	100	18
64C7B186-DE40-4CAD-A1F6-DFFE7142C990	3.19645333368012	A41E2539-2194-4DA3-8618-B1F5C7410576	4.75	5	100	18
64C7B186-DE40-4CAD-A1F6-DFFE7142C990	3.19645333368012	D6169755-EB0D-4FFE-8B01-397BF3E48F8B	5	3	75	18
64C7B186-DE40-4CAD-A1F6-DFFE7142C990	3.19645333368012	9CED877C-497E-45B6-9549-562C758E00FA	4.5	5	75	18
A41E2539-2194-4DA3-8618-B1F5C7410576	3.1612040493707	A41E2539-2194-4DA3-8618-B1F5C7410576	4.75	5	100	18
A41E2539-2194-4DA3-8618-B1F5C7410576	3.1612040493707	D6169755-EB0D-4FFE-8B01-397BF3E48F8B	5	3	75	18
A41E2539-2194-4DA3-8618-B1F5C7410576	3.1612040493707	9CED877C-497E-45B6-9549-562C758E00FA	4.5	5	75	18
0F667EC6-D35A-4EC1-945F-921A64BE56A3	3.10103384833944	F13BB7BB-9260-4400-AFFA-377C7236CDA2	1.25	4.25	75	18
BC4301E9-9B45-4464-81AF-2F180218A093	2.92970324052105	F13BB7BB-9260-4400-AFFA-377C7236CDA2	1.25	4.25	75	18
694A4A01-56E0-494A-B030-0D2757EDB4C1	3.2478405125497	686509C1-FDCA-4255-95FA-005B4947A0D1	2	3.5	75	19
9CED877C-497E-45B6-9549-562C758E00FA	3.03235251666332	64C7B186-DE40-4CAD-A1F6-DFFE7142C990	4.75	5	75	19
64C7B186-DE40-4CAD-A1F6-DFFE7142C990	2.94088826200486	64C7B186-DE40-4CAD-A1F6-DFFE7142C990	4.75	5	100	19
64C7B186-DE40-4CAD-A1F6-DFFE7142C990	2.94088826200486	79D48CBA-971B-453E-8C5C-8C2BCADE78A0	5	4.5	75	19
A41E2539-2194-4DA3-8618-B1F5C7410576	2.90845725095922	64C7B186-DE40-4CAD-A1F6-DFFE7142C990	4.75	5	100	19
A41E2539-2194-4DA3-8618-B1F5C7410576	2.90845725095922	79D48CBA-971B-453E-8C5C-8C2BCADE78A0	5	4.5	75	19
0F667EC6-D35A-4EC1-945F-921A64BE56A3	2.85309781977935	F13BB7BB-9260-4400-AFFA-377C7236CDA2	1.25	3	75	19
BC4301E9-9B45-4464-81AF-2F180218A093	2.69546555583007	F13BB7BB-9260-4400-AFFA-377C7236CDA2	1.25	3	75	19
694A4A01-56E0-494A-B030-0D2757EDB4C1	3.71176485268618	3B947680-2625-4E70-A715-5ACF8491B309	1.5	4.75	75	20
9CED877C-497E-45B6-9549-562C758E00FA	3.46549634868663	64C7B186-DE40-4CAD-A1F6-DFFE7142C990	4.75	5	75	20
9CED877C-497E-45B6-9549-562C758E00FA	3.46549634868663	9CED877C-497E-45B6-9549-562C758E00FA	4.5	5	100	20
64C7B186-DE40-4CAD-A1F6-DFFE7142C990	3.36096724001289	64C7B186-DE40-4CAD-A1F6-DFFE7142C990	4.75	5	100	20
64C7B186-DE40-4CAD-A1F6-DFFE7142C990	3.36096724001289	9CED877C-497E-45B6-9549-562C758E00FA	4.5	5	75	20
A41E2539-2194-4DA3-8618-B1F5C7410576	3.32390378191632	64C7B186-DE40-4CAD-A1F6-DFFE7142C990	4.75	5	100	20
A41E2539-2194-4DA3-8618-B1F5C7410576	3.32390378191632	9CED877C-497E-45B6-9549-562C758E00FA	4.5	5	75	20
0F667EC6-D35A-4EC1-945F-921A64BE56A3	3.26063676001246	BC4301E9-9B45-4464-81AF-2F180218A093	1	4.75	100	20
0F667EC6-D35A-4EC1-945F-921A64BE56A3	3.26063676001246	0F667EC6-D35A-4EC1-945F-921A64BE56A3	1	4	100	20
BC4301E9-9B45-4464-81AF-2F180218A093	3.08048816689679	BC4301E9-9B45-4464-81AF-2F180218A093	1	4.75	100	20
BC4301E9-9B45-4464-81AF-2F180218A093	3.08048816689679	0F667EC6-D35A-4EC1-945F-921A64BE56A3	1	4	100	20
EEFED63B-8EEB-431B-BB50-63C25798EA83	2.80947488133763	EEFED63B-8EEB-431B-BB50-63C25798EA83	3.25	5	100	21
9CED877C-497E-45B6-9549-562C758E00FA	2.71666245947313	0793712A-8C2C-416B-9080-6C70E46664CB	4.5	3.5	100	21
20C132AD-0C7C-41BF-A35C-5A95FA87892A	2.68817244570334	DEBD54B6-D961-4098-9292-C51A80CAEFB2	2.75	3	75	21
20C132AD-0C7C-41BF-A35C-5A95FA87892A	2.68817244570334	EEFED63B-8EEB-431B-BB50-63C25798EA83	3.25	5	75	21
DEBD54B6-D961-4098-9292-C51A80CAEFB2	2.65029508648498	DEBD54B6-D961-4098-9292-C51A80CAEFB2	2.75	3	100	21
64C7B186-DE40-4CAD-A1F6-DFFE7142C990	2.63472030092675	0793712A-8C2C-416B-9080-6C70E46664CB	4.5	3.5	75	21
A41E2539-2194-4DA3-8618-B1F5C7410576	2.60566559645571	0793712A-8C2C-416B-9080-6C70E46664CB	4.5	3.5	75	21
0F667EC6-D35A-4EC1-945F-921A64BE56A3	2.55606948677282	D86AEF28-5EE7-4FD9-9A9B-DE8CC06C4557	1	4.25	100	21
8D1E7EA2-26E3-4693-AC85-0C975DAC9448	2.50484447325711	DEBD54B6-D961-4098-9292-C51A80CAEFB2	2.75	3	100	21
BC4301E9-9B45-4464-81AF-2F180218A093	2.41484789342206	D86AEF28-5EE7-4FD9-9A9B-DE8CC06C4557	1	4.25	100	21
694A4A01-56E0-494A-B030-0D2757EDB4C1	3.42913163304774	61FDF88B-1DB1-463F-BAEB-848A9A1F815D	1.5	1.25	75	22
694A4A01-56E0-494A-B030-0D2757EDB4C1	3.42913163304774	694A4A01-56E0-494A-B030-0D2757EDB4C1	1.75	5	100	22
9CED877C-497E-45B6-9549-562C758E00FA	3.20161531257959	0793712A-8C2C-416B-9080-6C70E46664CB	4.5	4.75	100	22
20C132AD-0C7C-41BF-A35C-5A95FA87892A	3.16803953178069	8D1E7EA2-26E3-4693-AC85-0C975DAC9448	2.75	5	75	22
20C132AD-0C7C-41BF-A35C-5A95FA87892A	3.16803953178069	DEBD54B6-D961-4098-9292-C51A80CAEFB2	2.75	5	75	22
DEBD54B6-D961-4098-9292-C51A80CAEFB2	3.12340066542558	8D1E7EA2-26E3-4693-AC85-0C975DAC9448	2.75	5	100	22
DEBD54B6-D961-4098-9292-C51A80CAEFB2	3.12340066542558	DEBD54B6-D961-4098-9292-C51A80CAEFB2	2.75	5	100	22
64C7B186-DE40-4CAD-A1F6-DFFE7142C990	3.10504561581262	0793712A-8C2C-416B-9080-6C70E46664CB	4.5	4.75	75	22
A41E2539-2194-4DA3-8618-B1F5C7410576	3.07080434118053	0793712A-8C2C-416B-9080-6C70E46664CB	4.5	4.75	75	22
8D1E7EA2-26E3-4693-AC85-0C975DAC9448	2.95198558611948	8D1E7EA2-26E3-4693-AC85-0C975DAC9448	2.75	5	100	22
8D1E7EA2-26E3-4693-AC85-0C975DAC9448	2.95198558611948	DEBD54B6-D961-4098-9292-C51A80CAEFB2	2.75	5	100	22
EEFED63B-8EEB-431B-BB50-63C25798EA83	3.07745275761743	68171AD7-2B47-4D86-B0BC-1CD6AD9B6CBA	3.25	5	100	23
9CED877C-497E-45B6-9549-562C758E00FA	2.97578756070273	64C7B186-DE40-4CAD-A1F6-DFFE7142C990	4.75	5	75	23
9CED877C-497E-45B6-9549-562C758E00FA	2.97578756070273	0793712A-8C2C-416B-9080-6C70E46664CB	4.5	4.5	100	23
20C132AD-0C7C-41BF-A35C-5A95FA87892A	2.94458007462906	68171AD7-2B47-4D86-B0BC-1CD6AD9B6CBA	3.25	5	75	23
64C7B186-DE40-4CAD-A1F6-DFFE7142C990	2.88602944982967	64C7B186-DE40-4CAD-A1F6-DFFE7142C990	4.75	5	100	23
64C7B186-DE40-4CAD-A1F6-DFFE7142C990	2.88602944982967	0793712A-8C2C-416B-9080-6C70E46664CB	4.5	4.5	75	23
A41E2539-2194-4DA3-8618-B1F5C7410576	2.85420341744204	64C7B186-DE40-4CAD-A1F6-DFFE7142C990	4.75	5	100	23
A41E2539-2194-4DA3-8618-B1F5C7410576	2.85420341744204	0793712A-8C2C-416B-9080-6C70E46664CB	4.5	4.5	75	23
0F667EC6-D35A-4EC1-945F-921A64BE56A3	2.79987662833699	F13BB7BB-9260-4400-AFFA-377C7236CDA2	1.25	4	75	23
BC4301E9-9B45-4464-81AF-2F180218A093	2.64518481607227	F13BB7BB-9260-4400-AFFA-377C7236CDA2	1.25	4	75	23
694A4A01-56E0-494A-B030-0D2757EDB4C1	3.2982425767154	694A4A01-56E0-494A-B030-0D2757EDB4C1	1.75	5	100	24
EEFED63B-8EEB-431B-BB50-63C25798EA83	3.18461588912095	B47E7D4F-B0CA-48F0-97C5-CF61FE21295B	3.5	2.25	75	24
DEBD54B6-D961-4098-9292-C51A80CAEFB2	3.00418128011429	83BB2A15-D8BC-4265-BB49-2A018278891A	2.5	3.5	75	24
64C7B186-DE40-4CAD-A1F6-DFFE7142C990	2.98652683786582	76A55B6C-21BD-4CE7-B9C7-DD3AE6340804	5	4.75	75	24
A41E2539-2194-4DA3-8618-B1F5C7410576	2.95359254372062	76A55B6C-21BD-4CE7-B9C7-DD3AE6340804	5	4.75	75	24
0F667EC6-D35A-4EC1-945F-921A64BE56A3	2.89737400987395	0F667EC6-D35A-4EC1-945F-921A64BE56A3	1	4.25	100	24
8D1E7EA2-26E3-4693-AC85-0C975DAC9448	2.83930906955297	83BB2A15-D8BC-4265-BB49-2A018278891A	2.5	3.5	75	24
BC4301E9-9B45-4464-81AF-2F180218A093	2.7372955077583	0F667EC6-D35A-4EC1-945F-921A64BE56A3	1	4.25	100	24
694A4A01-56E0-494A-B030-0D2757EDB4C1	2.40170733336063	61FDF88B-1DB1-463F-BAEB-848A9A1F815D	1.5	1.25	75	25
694A4A01-56E0-494A-B030-0D2757EDB4C1	2.40170733336063	3B947680-2625-4E70-A715-5ACF8491B309	1.5	3.5	75	25
EEFED63B-8EEB-431B-BB50-63C25798EA83	2.31896689252152	68171AD7-2B47-4D86-B0BC-1CD6AD9B6CBA	3.25	1	100	25
EEFED63B-8EEB-431B-BB50-63C25798EA83	2.31896689252152	B47E7D4F-B0CA-48F0-97C5-CF61FE21295B	3.5	3	75	25
9CED877C-497E-45B6-9549-562C758E00FA	2.24235865091088	A41E2539-2194-4DA3-8618-B1F5C7410576	4.75	5	75	25
20C132AD-0C7C-41BF-A35C-5A95FA87892A	2.21884272474547	68171AD7-2B47-4D86-B0BC-1CD6AD9B6CBA	3.25	1	75	25
20C132AD-0C7C-41BF-A35C-5A95FA87892A	2.21884272474547	8D1E7EA2-26E3-4693-AC85-0C975DAC9448	2.75	1	75	25
DEBD54B6-D961-4098-9292-C51A80CAEFB2	2.18757839727833	8D1E7EA2-26E3-4693-AC85-0C975DAC9448	2.75	1	100	25
64C7B186-DE40-4CAD-A1F6-DFFE7142C990	2.17472282270035	A41E2539-2194-4DA3-8618-B1F5C7410576	4.75	5	100	25
A41E2539-2194-4DA3-8618-B1F5C7410576	2.15074079958798	A41E2539-2194-4DA3-8618-B1F5C7410576	4.75	5	100	25
8D1E7EA2-26E3-4693-AC85-0C975DAC9448	2.06752209888087	8D1E7EA2-26E3-4693-AC85-0C975DAC9448	2.75	1	100	25
694A4A01-56E0-494A-B030-0D2757EDB4C1	3.17711775866556	61FDF88B-1DB1-463F-BAEB-848A9A1F815D	1.5	4.25	75	26
694A4A01-56E0-494A-B030-0D2757EDB4C1	3.17711775866556	3B947680-2625-4E70-A715-5ACF8491B309	1.5	3.25	75	26
9CED877C-497E-45B6-9549-562C758E00FA	2.96632206991285	A41E2539-2194-4DA3-8618-B1F5C7410576	4.75	4.25	75	26
20C132AD-0C7C-41BF-A35C-5A95FA87892A	2.93521384527489	8D1E7EA2-26E3-4693-AC85-0C975DAC9448	2.75	4.75	75	26
DEBD54B6-D961-4098-9292-C51A80CAEFB2	2.89385557741549	8D1E7EA2-26E3-4693-AC85-0C975DAC9448	2.75	4.75	100	26
64C7B186-DE40-4CAD-A1F6-DFFE7142C990	2.87684947926275	A41E2539-2194-4DA3-8618-B1F5C7410576	4.75	4.25	100	26
A41E2539-2194-4DA3-8618-B1F5C7410576	2.84512466315781	A41E2539-2194-4DA3-8618-B1F5C7410576	4.75	4.25	100	26
8D1E7EA2-26E3-4693-AC85-0C975DAC9448	2.73503814092236	8D1E7EA2-26E3-4693-AC85-0C975DAC9448	2.75	4.75	100	26
694A4A01-56E0-494A-B030-0D2757EDB4C1	3.68857813710878	686509C1-FDCA-4255-95FA-005B4947A0D1	2	4.5	75	27
694A4A01-56E0-494A-B030-0D2757EDB4C1	3.68857813710878	694A4A01-56E0-494A-B030-0D2757EDB4C1	1.75	5	100	27
EEFED63B-8EEB-431B-BB50-63C25798EA83	3.56150412399706	B47E7D4F-B0CA-48F0-97C5-CF61FE21295B	3.5	3.5	75	27
9CED877C-497E-45B6-9549-562C758E00FA	3.44384803974646	A41E2539-2194-4DA3-8618-B1F5C7410576	4.75	5	75	27
20C132AD-0C7C-41BF-A35C-5A95FA87892A	3.40773192881443	DEBD54B6-D961-4098-9292-C51A80CAEFB2	2.75	5	75	27
DEBD54B6-D961-4098-9292-C51A80CAEFB2	3.35971570547556	DEBD54B6-D961-4098-9292-C51A80CAEFB2	2.75	5	100	27
64C7B186-DE40-4CAD-A1F6-DFFE7142C990	3.33997192349802	A41E2539-2194-4DA3-8618-B1F5C7410576	4.75	5	100	27
A41E2539-2194-4DA3-8618-B1F5C7410576	3.30313997007514	A41E2539-2194-4DA3-8618-B1F5C7410576	4.75	5	100	27
8D1E7EA2-26E3-4693-AC85-0C975DAC9448	3.17533144265681	DEBD54B6-D961-4098-9292-C51A80CAEFB2	2.75	5	100	27
694A4A01-56E0-494A-B030-0D2757EDB4C1	3.62409258761374	694A4A01-56E0-494A-B030-0D2757EDB4C1	1.75	5	100	28
EEFED63B-8EEB-431B-BB50-63C25798EA83	3.49924022876393	FF492B4B-9780-4B6A-8035-AFAFAF1A0B7B	3.5	4.75	75	28
EEFED63B-8EEB-431B-BB50-63C25798EA83	3.49924022876393	EEFED63B-8EEB-431B-BB50-63C25798EA83	3.25	5	100	28
9CED877C-497E-45B6-9549-562C758E00FA	3.38364103094102	0793712A-8C2C-416B-9080-6C70E46664CB	4.5	4.25	100	28
20C132AD-0C7C-41BF-A35C-5A95FA87892A	3.34815630915925	EEFED63B-8EEB-431B-BB50-63C25798EA83	3.25	5	75	28
64C7B186-DE40-4CAD-A1F6-DFFE7142C990	3.28158090769372	0793712A-8C2C-416B-9080-6C70E46664CB	4.5	4.25	75	28
64C7B186-DE40-4CAD-A1F6-DFFE7142C990	3.28158090769372	D6169755-EB0D-4FFE-8B01-397BF3E48F8B	5	3.5	75	28
A41E2539-2194-4DA3-8618-B1F5C7410576	3.24539288662752	0793712A-8C2C-416B-9080-6C70E46664CB	4.5	4.25	75	28
A41E2539-2194-4DA3-8618-B1F5C7410576	3.24539288662752	D6169755-EB0D-4FFE-8B01-397BF3E48F8B	5	3.5	75	28
694A4A01-56E0-494A-B030-0D2757EDB4C1	3.29254961926915	686509C1-FDCA-4255-95FA-005B4947A0D1	2	5	75	29
694A4A01-56E0-494A-B030-0D2757EDB4C1	3.29254961926915	D232AFDB-9ADC-4D08-BFAB-7996BE42E53E	2	1.25	75	29
EEFED63B-8EEB-431B-BB50-63C25798EA83	3.17911902515943	FF492B4B-9780-4B6A-8035-AFAFAF1A0B7B	3.5	5	75	29
0F667EC6-D35A-4EC1-945F-921A64BE56A3	2.89237296899837	D86AEF28-5EE7-4FD9-9A9B-DE8CC06C4557	1	3.75	100	29
0F667EC6-D35A-4EC1-945F-921A64BE56A3	2.89237296899837	0F667EC6-D35A-4EC1-945F-921A64BE56A3	1	4	100	29
BC4301E9-9B45-4464-81AF-2F180218A093	2.73257078053466	D86AEF28-5EE7-4FD9-9A9B-DE8CC06C4557	1	3.75	100	29
BC4301E9-9B45-4464-81AF-2F180218A093	2.73257078053466	0F667EC6-D35A-4EC1-945F-921A64BE56A3	1	4	100	29
EEFED63B-8EEB-431B-BB50-63C25798EA83	3.38256696906994	68171AD7-2B47-4D86-B0BC-1CD6AD9B6CBA	3.25	3.75	100	30
EEFED63B-8EEB-431B-BB50-63C25798EA83	3.38256696906994	20C132AD-0C7C-41BF-A35C-5A95FA87892A	3	5	75	30
9CED877C-497E-45B6-9549-562C758E00FA	3.27082216097858	A41E2539-2194-4DA3-8618-B1F5C7410576	4.75	4.75	75	30
20C132AD-0C7C-41BF-A35C-5A95FA87892A	3.23652059831126	68171AD7-2B47-4D86-B0BC-1CD6AD9B6CBA	3.25	3.75	75	30
20C132AD-0C7C-41BF-A35C-5A95FA87892A	3.23652059831126	20C132AD-0C7C-41BF-A35C-5A95FA87892A	3	5	100	30
20C132AD-0C7C-41BF-A35C-5A95FA87892A	3.23652059831126	DEBD54B6-D961-4098-9292-C51A80CAEFB2	2.75	4.75	75	30
DEBD54B6-D961-4098-9292-C51A80CAEFB2	3.19091680837634	20C132AD-0C7C-41BF-A35C-5A95FA87892A	3	5	75	30
DEBD54B6-D961-4098-9292-C51A80CAEFB2	3.19091680837634	DEBD54B6-D961-4098-9292-C51A80CAEFB2	2.75	4.75	100	30
64C7B186-DE40-4CAD-A1F6-DFFE7142C990	3.17216499168291	A41E2539-2194-4DA3-8618-B1F5C7410576	4.75	4.75	100	30
64C7B186-DE40-4CAD-A1F6-DFFE7142C990	3.17216499168291	D6169755-EB0D-4FFE-8B01-397BF3E48F8B	5	3	75	30
A41E2539-2194-4DA3-8618-B1F5C7410576	3.13718354995991	A41E2539-2194-4DA3-8618-B1F5C7410576	4.75	4.75	100	30
A41E2539-2194-4DA3-8618-B1F5C7410576	3.13718354995991	D6169755-EB0D-4FFE-8B01-397BF3E48F8B	5	3	75	30
8D1E7EA2-26E3-4693-AC85-0C975DAC9448	3.01579638063975	20C132AD-0C7C-41BF-A35C-5A95FA87892A	3	5	75	30
8D1E7EA2-26E3-4693-AC85-0C975DAC9448	3.01579638063975	DEBD54B6-D961-4098-9292-C51A80CAEFB2	2.75	4.75	100	30
694A4A01-56E0-494A-B030-0D2757EDB4C1	3.78430696070124	694A4A01-56E0-494A-B030-0D2757EDB4C1	1.75	5	100	31
EEFED63B-8EEB-431B-BB50-63C25798EA83	3.65393503651314	FF492B4B-9780-4B6A-8035-AFAFAF1A0B7B	3.5	4.75	75	31
EEFED63B-8EEB-431B-BB50-63C25798EA83	3.65393503651314	EEFED63B-8EEB-431B-BB50-63C25798EA83	3.25	5	100	31
9CED877C-497E-45B6-9549-562C758E00FA	3.53322544437464	A41E2539-2194-4DA3-8618-B1F5C7410576	4.75	4.75	75	31
9CED877C-497E-45B6-9549-562C758E00FA	3.53322544437464	64C7B186-DE40-4CAD-A1F6-DFFE7142C990	4.75	5	75	31
20C132AD-0C7C-41BF-A35C-5A95FA87892A	3.49617201503384	EEFED63B-8EEB-431B-BB50-63C25798EA83	3.25	5	75	31
64C7B186-DE40-4CAD-A1F6-DFFE7142C990	3.42665344965891	A41E2539-2194-4DA3-8618-B1F5C7410576	4.75	4.75	100	31
64C7B186-DE40-4CAD-A1F6-DFFE7142C990	3.42665344965891	64C7B186-DE40-4CAD-A1F6-DFFE7142C990	4.75	5	100	31
A41E2539-2194-4DA3-8618-B1F5C7410576	3.38886560354679	A41E2539-2194-4DA3-8618-B1F5C7410576	4.75	4.75	100	31
A41E2539-2194-4DA3-8618-B1F5C7410576	3.38886560354679	64C7B186-DE40-4CAD-A1F6-DFFE7142C990	4.75	5	100	31
EEFED63B-8EEB-431B-BB50-63C25798EA83	3.3956473538726	B47E7D4F-B0CA-48F0-97C5-CF61FE21295B	3.5	4.75	75	32
EEFED63B-8EEB-431B-BB50-63C25798EA83	3.3956473538726	20C132AD-0C7C-41BF-A35C-5A95FA87892A	3	3.75	75	32
EEFED63B-8EEB-431B-BB50-63C25798EA83	3.3956473538726	FF492B4B-9780-4B6A-8035-AFAFAF1A0B7B	3.5	5	75	32
20C132AD-0C7C-41BF-A35C-5A95FA87892A	3.24903622961722	20C132AD-0C7C-41BF-A35C-5A95FA87892A	3	3.75	100	32
20C132AD-0C7C-41BF-A35C-5A95FA87892A	3.24903622961722	DEBD54B6-D961-4098-9292-C51A80CAEFB2	2.75	4.5	75	32
DEBD54B6-D961-4098-9292-C51A80CAEFB2	3.20325608769078	20C132AD-0C7C-41BF-A35C-5A95FA87892A	3	3.75	75	32
DEBD54B6-D961-4098-9292-C51A80CAEFB2	3.20325608769078	DEBD54B6-D961-4098-9292-C51A80CAEFB2	2.75	4.5	100	32
0F667EC6-D35A-4EC1-945F-921A64BE56A3	3.08937113328247	F13BB7BB-9260-4400-AFFA-377C7236CDA2	1.25	4	75	32
8D1E7EA2-26E3-4693-AC85-0C975DAC9448	3.02745846766218	20C132AD-0C7C-41BF-A35C-5A95FA87892A	3	3.75	75	32
8D1E7EA2-26E3-4693-AC85-0C975DAC9448	3.02745846766218	DEBD54B6-D961-4098-9292-C51A80CAEFB2	2.75	4.5	100	32
BC4301E9-9B45-4464-81AF-2F180218A093	2.91868488334813	F13BB7BB-9260-4400-AFFA-377C7236CDA2	1.25	4	75	32
694A4A01-56E0-494A-B030-0D2757EDB4C1	3.31633445146081	694A4A01-56E0-494A-B030-0D2757EDB4C1	1.75	4.5	100	33
9CED877C-497E-45B6-9549-562C758E00FA	3.09630200773687	64C7B186-DE40-4CAD-A1F6-DFFE7142C990	4.75	5	75	33
64C7B186-DE40-4CAD-A1F6-DFFE7142C990	3.00290885530504	64C7B186-DE40-4CAD-A1F6-DFFE7142C990	4.75	5	100	33
A41E2539-2194-4DA3-8618-B1F5C7410576	2.969793905281	64C7B186-DE40-4CAD-A1F6-DFFE7142C990	4.75	5	100	33
0F667EC6-D35A-4EC1-945F-921A64BE56A3	2.91326699625602	D86AEF28-5EE7-4FD9-9A9B-DE8CC06C4557	1	2	100	33
BC4301E9-9B45-4464-81AF-2F180218A093	2.75231041362001	D86AEF28-5EE7-4FD9-9A9B-DE8CC06C4557	1	2	100	33
694A4A01-56E0-494A-B030-0D2757EDB4C1	3.57649093217821	686509C1-FDCA-4255-95FA-005B4947A0D1	2	3.5	75	34
9CED877C-497E-45B6-9549-562C758E00FA	3.33919760671629	64C7B186-DE40-4CAD-A1F6-DFFE7142C990	4.75	5	75	34
9CED877C-497E-45B6-9549-562C758E00FA	3.33919760671629	0793712A-8C2C-416B-9080-6C70E46664CB	4.5	4.5	100	34
64C7B186-DE40-4CAD-A1F6-DFFE7142C990	3.2384780391672	64C7B186-DE40-4CAD-A1F6-DFFE7142C990	4.75	5	100	34
64C7B186-DE40-4CAD-A1F6-DFFE7142C990	3.2384780391672	0793712A-8C2C-416B-9080-6C70E46664CB	4.5	4.5	75	34
A41E2539-2194-4DA3-8618-B1F5C7410576	3.20276532019948	64C7B186-DE40-4CAD-A1F6-DFFE7142C990	4.75	5	100	34
A41E2539-2194-4DA3-8618-B1F5C7410576	3.20276532019948	0793712A-8C2C-416B-9080-6C70E46664CB	4.5	4.5	75	34
694A4A01-56E0-494A-B030-0D2757EDB4C1	3.05541729084102	61FDF88B-1DB1-463F-BAEB-848A9A1F815D	1.5	3.75	75	35
EEFED63B-8EEB-431B-BB50-63C25798EA83	2.95015609858473	B47E7D4F-B0CA-48F0-97C5-CF61FE21295B	3.5	5	75	35
EEFED63B-8EEB-431B-BB50-63C25798EA83	2.95015609858473	20C132AD-0C7C-41BF-A35C-5A95FA87892A	3	3.25	75	35
20C132AD-0C7C-41BF-A35C-5A95FA87892A	2.82277958393776	20C132AD-0C7C-41BF-A35C-5A95FA87892A	3	3.25	100	35
DEBD54B6-D961-4098-9292-C51A80CAEFB2	2.78300555973291	20C132AD-0C7C-41BF-A35C-5A95FA87892A	3	3.25	75	35
8D1E7EA2-26E3-4693-AC85-0C975DAC9448	2.63027167464732	20C132AD-0C7C-41BF-A35C-5A95FA87892A	3	3.25	75	35
694A4A01-56E0-494A-B030-0D2757EDB4C1	3.50647748164821	686509C1-FDCA-4255-95FA-005B4947A0D1	2	3.75	75	36
694A4A01-56E0-494A-B030-0D2757EDB4C1	3.50647748164821	3B947680-2625-4E70-A715-5ACF8491B309	1.5	4.75	75	36
EEFED63B-8EEB-431B-BB50-63C25798EA83	3.38567696044408	FF492B4B-9780-4B6A-8035-AFAFAF1A0B7B	3.5	4.25	75	36
9CED877C-497E-45B6-9549-562C758E00FA	3.27382941313627	64C7B186-DE40-4CAD-A1F6-DFFE7142C990	4.75	5	75	36
DEBD54B6-D961-4098-9292-C51A80CAEFB2	3.19385059357399	52D5D688-98D5-455A-97D8-40E74216EC3F	2.5	4	75	36
64C7B186-DE40-4CAD-A1F6-DFFE7142C990	3.17508153797316	64C7B186-DE40-4CAD-A1F6-DFFE7142C990	4.75	5	100	36
A41E2539-2194-4DA3-8618-B1F5C7410576	3.14006792876738	64C7B186-DE40-4CAD-A1F6-DFFE7142C990	4.75	5	100	36
8D1E7EA2-26E3-4693-AC85-0C975DAC9448	3.0185691622246	52D5D688-98D5-455A-97D8-40E74216EC3F	2.5	4	75	36
EEFED63B-8EEB-431B-BB50-63C25798EA83	3.28964050788555	EEFED63B-8EEB-431B-BB50-63C25798EA83	3.25	4.5	100	37
9CED877C-497E-45B6-9549-562C758E00FA	3.18096557415981	64C7B186-DE40-4CAD-A1F6-DFFE7142C990	4.75	5	75	37
9CED877C-497E-45B6-9549-562C758E00FA	3.18096557415981	37B95289-EA7B-4686-B2D2-7AB47FE22AEC	4.25	4.75	75	37
9CED877C-497E-45B6-9549-562C758E00FA	3.18096557415981	0793712A-8C2C-416B-9080-6C70E46664CB	4.5	4.5	100	37
20C132AD-0C7C-41BF-A35C-5A95FA87892A	3.14760635328258	EEFED63B-8EEB-431B-BB50-63C25798EA83	3.25	4.5	75	37
64C7B186-DE40-4CAD-A1F6-DFFE7142C990	3.08501873388411	64C7B186-DE40-4CAD-A1F6-DFFE7142C990	4.75	5	100	37
64C7B186-DE40-4CAD-A1F6-DFFE7142C990	3.08501873388411	0793712A-8C2C-416B-9080-6C70E46664CB	4.5	4.5	75	37
A41E2539-2194-4DA3-8618-B1F5C7410576	3.05099830779973	64C7B186-DE40-4CAD-A1F6-DFFE7142C990	4.75	5	100	37
A41E2539-2194-4DA3-8618-B1F5C7410576	3.05099830779973	0793712A-8C2C-416B-9080-6C70E46664CB	4.5	4.5	75	37
694A4A01-56E0-494A-B030-0D2757EDB4C1	3.57743010669994	694A4A01-56E0-494A-B030-0D2757EDB4C1	1.75	4.75	100	38
EEFED63B-8EEB-431B-BB50-63C25798EA83	3.45418521981693	EEFED63B-8EEB-431B-BB50-63C25798EA83	3.25	5	100	38
20C132AD-0C7C-41BF-A35C-5A95FA87892A	3.30504664547281	EEFED63B-8EEB-431B-BB50-63C25798EA83	3.25	5	75	38
EEFED63B-8EEB-431B-BB50-63C25798EA83	3.26246702014758	FF492B4B-9780-4B6A-8035-AFAFAF1A0B7B	3.5	2.5	75	39
9CED877C-497E-45B6-9549-562C758E00FA	3.15468976615902	64C7B186-DE40-4CAD-A1F6-DFFE7142C990	4.75	5	75	39
20C132AD-0C7C-41BF-A35C-5A95FA87892A	3.12160609985158	DEBD54B6-D961-4098-9292-C51A80CAEFB2	2.75	4.5	75	39
DEBD54B6-D961-4098-9292-C51A80CAEFB2	3.07762150001541	DEBD54B6-D961-4098-9292-C51A80CAEFB2	2.75	4.5	100	39
64C7B186-DE40-4CAD-A1F6-DFFE7142C990	3.05953547228795	64C7B186-DE40-4CAD-A1F6-DFFE7142C990	4.75	5	100	39
64C7B186-DE40-4CAD-A1F6-DFFE7142C990	3.05953547228795	76A55B6C-21BD-4CE7-B9C7-DD3AE6340804	5	4.25	75	39
A41E2539-2194-4DA3-8618-B1F5C7410576	3.02579606969289	64C7B186-DE40-4CAD-A1F6-DFFE7142C990	4.75	5	100	39
A41E2539-2194-4DA3-8618-B1F5C7410576	3.02579606969289	76A55B6C-21BD-4CE7-B9C7-DD3AE6340804	5	4.25	75	39
8D1E7EA2-26E3-4693-AC85-0C975DAC9448	2.90871882216517	DEBD54B6-D961-4098-9292-C51A80CAEFB2	2.75	4.5	100	39
EEFED63B-8EEB-431B-BB50-63C25798EA83	3.08583381884284	EEFED63B-8EEB-431B-BB50-63C25798EA83	3.25	3.75	100	40
9CED877C-497E-45B6-9549-562C758E00FA	2.98389174271858	A41E2539-2194-4DA3-8618-B1F5C7410576	4.75	4.5	75	40
20C132AD-0C7C-41BF-A35C-5A95FA87892A	2.95259925781448	534235E5-91A6-4D11-B984-96FF5932C823	2.75	3.75	75	40
20C132AD-0C7C-41BF-A35C-5A95FA87892A	2.95259925781448	DEBD54B6-D961-4098-9292-C51A80CAEFB2	2.75	4.25	75	40
20C132AD-0C7C-41BF-A35C-5A95FA87892A	2.95259925781448	EEFED63B-8EEB-431B-BB50-63C25798EA83	3.25	3.75	75	40
DEBD54B6-D961-4098-9292-C51A80CAEFB2	2.91099602584515	83BB2A15-D8BC-4265-BB49-2A018278891A	2.5	4	75	40
DEBD54B6-D961-4098-9292-C51A80CAEFB2	2.91099602584515	534235E5-91A6-4D11-B984-96FF5932C823	2.75	3.75	100	40
DEBD54B6-D961-4098-9292-C51A80CAEFB2	2.91099602584515	DEBD54B6-D961-4098-9292-C51A80CAEFB2	2.75	4.25	100	40
64C7B186-DE40-4CAD-A1F6-DFFE7142C990	2.89388919986821	A41E2539-2194-4DA3-8618-B1F5C7410576	4.75	4.5	100	40
A41E2539-2194-4DA3-8618-B1F5C7410576	2.86197647644748	A41E2539-2194-4DA3-8618-B1F5C7410576	4.75	4.5	100	40
8D1E7EA2-26E3-4693-AC85-0C975DAC9448	2.75123790710616	83BB2A15-D8BC-4265-BB49-2A018278891A	2.5	4	75	40
8D1E7EA2-26E3-4693-AC85-0C975DAC9448	2.75123790710616	534235E5-91A6-4D11-B984-96FF5932C823	2.75	3.75	100	40
8D1E7EA2-26E3-4693-AC85-0C975DAC9448	2.75123790710616	DEBD54B6-D961-4098-9292-C51A80CAEFB2	2.75	4.25	100	40
694A4A01-56E0-494A-B030-0D2757EDB4C1	3.50670817868304	61FDF88B-1DB1-463F-BAEB-848A9A1F815D	1.5	3.75	75	41
9CED877C-497E-45B6-9549-562C758E00FA	3.27404480129104	9CED877C-497E-45B6-9549-562C758E00FA	4.5	5	100	41
64C7B186-DE40-4CAD-A1F6-DFFE7142C990	3.17529043020626	9CED877C-497E-45B6-9549-562C758E00FA	4.5	5	75	41
A41E2539-2194-4DA3-8618-B1F5C7410576	3.14027452142119	9CED877C-497E-45B6-9549-562C758E00FA	4.5	5	75	41
694A4A01-56E0-494A-B030-0D2757EDB4C1	3.21760383692447	686509C1-FDCA-4255-95FA-005B4947A0D1	2	4.25	75	42
EEFED63B-8EEB-431B-BB50-63C25798EA83	3.10675520456369	20C132AD-0C7C-41BF-A35C-5A95FA87892A	3	3.25	75	42
9CED877C-497E-45B6-9549-562C758E00FA	3.00412198186536	9CED877C-497E-45B6-9549-562C758E00FA	4.5	5	100	42
20C132AD-0C7C-41BF-A35C-5A95FA87892A	2.9726173403801	20C132AD-0C7C-41BF-A35C-5A95FA87892A	3	3.25	100	42
DEBD54B6-D961-4098-9292-C51A80CAEFB2	2.93073204650893	20C132AD-0C7C-41BF-A35C-5A95FA87892A	3	3.25	75	42
64C7B186-DE40-4CAD-A1F6-DFFE7142C990	2.91350923823379	D6169755-EB0D-4FFE-8B01-397BF3E48F8B	5	3	75	42
64C7B186-DE40-4CAD-A1F6-DFFE7142C990	2.91350923823379	9CED877C-497E-45B6-9549-562C758E00FA	4.5	5	75	42
A41E2539-2194-4DA3-8618-B1F5C7410576	2.88138015434882	D6169755-EB0D-4FFE-8B01-397BF3E48F8B	5	3	75	42
A41E2539-2194-4DA3-8618-B1F5C7410576	2.88138015434882	9CED877C-497E-45B6-9549-562C758E00FA	4.5	5	75	42
8D1E7EA2-26E3-4693-AC85-0C975DAC9448	2.76989079689176	20C132AD-0C7C-41BF-A35C-5A95FA87892A	3	3.25	75	42
EEFED63B-8EEB-431B-BB50-63C25798EA83	3.32393389842155	EEFED63B-8EEB-431B-BB50-63C25798EA83	3.25	5	100	43
20C132AD-0C7C-41BF-A35C-5A95FA87892A	3.18041908147721	EEFED63B-8EEB-431B-BB50-63C25798EA83	3.25	5	75	43
0F667EC6-D35A-4EC1-945F-921A64BE56A3	3.02412599436921	BC4301E9-9B45-4464-81AF-2F180218A093	1	4.25	100	43
BC4301E9-9B45-4464-81AF-2F180218A093	2.85704450713008	BC4301E9-9B45-4464-81AF-2F180218A093	1	4.25	100	43
694A4A01-56E0-494A-B030-0D2757EDB4C1	3.69854921839901	61FDF88B-1DB1-463F-BAEB-848A9A1F815D	1.5	3.75	75	44
9CED877C-497E-45B6-9549-562C758E00FA	3.45315755389802	A41E2539-2194-4DA3-8618-B1F5C7410576	4.75	5	75	44
9CED877C-497E-45B6-9549-562C758E00FA	3.45315755389802	9CED877C-497E-45B6-9549-562C758E00FA	4.5	5	100	44
64C7B186-DE40-4CAD-A1F6-DFFE7142C990	3.34900064032485	A41E2539-2194-4DA3-8618-B1F5C7410576	4.75	5	100	44
64C7B186-DE40-4CAD-A1F6-DFFE7142C990	3.34900064032485	79D48CBA-971B-453E-8C5C-8C2BCADE78A0	5	5	75	44
64C7B186-DE40-4CAD-A1F6-DFFE7142C990	3.34900064032485	9CED877C-497E-45B6-9549-562C758E00FA	4.5	5	75	44
A41E2539-2194-4DA3-8618-B1F5C7410576	3.31206911596547	A41E2539-2194-4DA3-8618-B1F5C7410576	4.75	5	100	44
A41E2539-2194-4DA3-8618-B1F5C7410576	3.31206911596547	79D48CBA-971B-453E-8C5C-8C2BCADE78A0	5	5	75	44
A41E2539-2194-4DA3-8618-B1F5C7410576	3.31206911596547	9CED877C-497E-45B6-9549-562C758E00FA	4.5	5	75	44
0F667EC6-D35A-4EC1-945F-921A64BE56A3	3.24902736845362	D86AEF28-5EE7-4FD9-9A9B-DE8CC06C4557	1	4	100	44
BC4301E9-9B45-4464-81AF-2F180218A093	3.06952018492582	D86AEF28-5EE7-4FD9-9A9B-DE8CC06C4557	1	4	100	44
694A4A01-56E0-494A-B030-0D2757EDB4C1	3.16313279829037	3B947680-2625-4E70-A715-5ACF8491B309	1.5	3.75	75	45
9CED877C-497E-45B6-9549-562C758E00FA	2.95326499156807	9CED877C-497E-45B6-9549-562C758E00FA	4.5	3.25	100	45
64C7B186-DE40-4CAD-A1F6-DFFE7142C990	2.86418623693354	9CED877C-497E-45B6-9549-562C758E00FA	4.5	3.25	75	45
A41E2539-2194-4DA3-8618-B1F5C7410576	2.83260106878127	9CED877C-497E-45B6-9549-562C758E00FA	4.5	3.25	75	45
0F667EC6-D35A-4EC1-945F-921A64BE56A3	2.77868548048713	BC4301E9-9B45-4464-81AF-2F180218A093	1	4.5	100	45
0F667EC6-D35A-4EC1-945F-921A64BE56A3	2.77868548048713	D86AEF28-5EE7-4FD9-9A9B-DE8CC06C4557	1	4	100	45
BC4301E9-9B45-4464-81AF-2F180218A093	2.62516446197967	BC4301E9-9B45-4464-81AF-2F180218A093	1	4.5	100	45
BC4301E9-9B45-4464-81AF-2F180218A093	2.62516446197967	D86AEF28-5EE7-4FD9-9A9B-DE8CC06C4557	1	4	100	45
694A4A01-56E0-494A-B030-0D2757EDB4C1	2.91924686293605	686509C1-FDCA-4255-95FA-005B4947A0D1	2	2.5	75	46
694A4A01-56E0-494A-B030-0D2757EDB4C1	2.91924686293605	10A30E85-8A3E-44FB-ABBA-FD62244EA179	1.75	3.5	100	46
EEFED63B-8EEB-431B-BB50-63C25798EA83	2.81867683393159	68171AD7-2B47-4D86-B0BC-1CD6AD9B6CBA	3.25	4	100	46
EEFED63B-8EEB-431B-BB50-63C25798EA83	2.81867683393159	B47E7D4F-B0CA-48F0-97C5-CF61FE21295B	3.5	2.75	75	46
9CED877C-497E-45B6-9549-562C758E00FA	2.72556042121714	9CED877C-497E-45B6-9549-562C758E00FA	4.5	4.75	100	46
20C132AD-0C7C-41BF-A35C-5A95FA87892A	2.69697709354222	68171AD7-2B47-4D86-B0BC-1CD6AD9B6CBA	3.25	4	75	46
64C7B186-DE40-4CAD-A1F6-DFFE7142C990	2.64334987511443	9CED877C-497E-45B6-9549-562C758E00FA	4.5	4.75	75	46
A41E2539-2194-4DA3-8618-B1F5C7410576	2.61420000722575	9CED877C-497E-45B6-9549-562C758E00FA	4.5	4.75	75	46
694A4A01-56E0-494A-B030-0D2757EDB4C1	3.77337677632544	3B947680-2625-4E70-A715-5ACF8491B309	1.5	4	75	47
EEFED63B-8EEB-431B-BB50-63C25798EA83	3.6433813757169	EEFED63B-8EEB-431B-BB50-63C25798EA83	3.25	5	100	47
20C132AD-0C7C-41BF-A35C-5A95FA87892A	3.48607404298552	EEFED63B-8EEB-431B-BB50-63C25798EA83	3.25	5	75	47
0F667EC6-D35A-4EC1-945F-921A64BE56A3	3.31476037015934	BC4301E9-9B45-4464-81AF-2F180218A093	1	5	100	47
0F667EC6-D35A-4EC1-945F-921A64BE56A3	3.31476037015934	0F667EC6-D35A-4EC1-945F-921A64BE56A3	1	5	100	47
BC4301E9-9B45-4464-81AF-2F180218A093	3.131621472818	BC4301E9-9B45-4464-81AF-2F180218A093	1	5	100	47
BC4301E9-9B45-4464-81AF-2F180218A093	3.131621472818	0F667EC6-D35A-4EC1-945F-921A64BE56A3	1	5	100	47
EEFED63B-8EEB-431B-BB50-63C25798EA83	3.35124645888972	20C132AD-0C7C-41BF-A35C-5A95FA87892A	3	4.5	75	48
EEFED63B-8EEB-431B-BB50-63C25798EA83	3.35124645888972	EEFED63B-8EEB-431B-BB50-63C25798EA83	3.25	5	100	48
20C132AD-0C7C-41BF-A35C-5A95FA87892A	3.20655238552455	20C132AD-0C7C-41BF-A35C-5A95FA87892A	3	4.5	100	48
20C132AD-0C7C-41BF-A35C-5A95FA87892A	3.20655238552455	534235E5-91A6-4D11-B984-96FF5932C823	2.75	4.5	75	48
20C132AD-0C7C-41BF-A35C-5A95FA87892A	3.20655238552455	EEFED63B-8EEB-431B-BB50-63C25798EA83	3.25	5	75	48
DEBD54B6-D961-4098-9292-C51A80CAEFB2	3.16137085659121	52D5D688-98D5-455A-97D8-40E74216EC3F	2.5	3.75	75	48
DEBD54B6-D961-4098-9292-C51A80CAEFB2	3.16137085659121	20C132AD-0C7C-41BF-A35C-5A95FA87892A	3	4.5	75	48
DEBD54B6-D961-4098-9292-C51A80CAEFB2	3.16137085659121	534235E5-91A6-4D11-B984-96FF5932C823	2.75	4.5	100	48
0F667EC6-D35A-4EC1-945F-921A64BE56A3	3.04897504783955	BC4301E9-9B45-4464-81AF-2F180218A093	1	4	100	48
8D1E7EA2-26E3-4693-AC85-0C975DAC9448	2.98787193916229	52D5D688-98D5-455A-97D8-40E74216EC3F	2.5	3.75	75	48
8D1E7EA2-26E3-4693-AC85-0C975DAC9448	2.98787193916229	20C132AD-0C7C-41BF-A35C-5A95FA87892A	3	4.5	75	48
8D1E7EA2-26E3-4693-AC85-0C975DAC9448	2.98787193916229	534235E5-91A6-4D11-B984-96FF5932C823	2.75	4.5	100	48
BC4301E9-9B45-4464-81AF-2F180218A093	2.88052066148812	BC4301E9-9B45-4464-81AF-2F180218A093	1	4	100	48
694A4A01-56E0-494A-B030-0D2757EDB4C1	3.7999713839037	686509C1-FDCA-4255-95FA-005B4947A0D1	2	5	75	49
20C132AD-0C7C-41BF-A35C-5A95FA87892A	3.51064375847475	534235E5-91A6-4D11-B984-96FF5932C823	2.75	4.25	75	49
DEBD54B6-D961-4098-9292-C51A80CAEFB2	3.46117746978136	534235E5-91A6-4D11-B984-96FF5932C823	2.75	4.25	100	49
64C7B186-DE40-4CAD-A1F6-DFFE7142C990	3.44083743343978	79D48CBA-971B-453E-8C5C-8C2BCADE78A0	5	5	75	49
A41E2539-2194-4DA3-8618-B1F5C7410576	3.40289317272031	79D48CBA-971B-453E-8C5C-8C2BCADE78A0	5	5	75	49
0F667EC6-D35A-4EC1-945F-921A64BE56A3	3.33812267282183	BC4301E9-9B45-4464-81AF-2F180218A093	1	4.5	100	49
8D1E7EA2-26E3-4693-AC85-0C975DAC9448	3.27122489123771	534235E5-91A6-4D11-B984-96FF5932C823	2.75	4.25	100	49
BC4301E9-9B45-4464-81AF-2F180218A093	3.15369302208535	BC4301E9-9B45-4464-81AF-2F180218A093	1	4.5	100	49
694A4A01-56E0-494A-B030-0D2757EDB4C1	3.45904725592334	61FDF88B-1DB1-463F-BAEB-848A9A1F815D	1.5	4.25	75	50
EEFED63B-8EEB-431B-BB50-63C25798EA83	3.33988073798173	68171AD7-2B47-4D86-B0BC-1CD6AD9B6CBA	3.25	3.75	100	50
9CED877C-497E-45B6-9549-562C758E00FA	3.22954609113484	37B95289-EA7B-4686-B2D2-7AB47FE22AEC	4.25	4	75	50
20C132AD-0C7C-41BF-A35C-5A95FA87892A	3.19567739663758	68171AD7-2B47-4D86-B0BC-1CD6AD9B6CBA	3.25	3.75	75	50
20C132AD-0C7C-41BF-A35C-5A95FA87892A	3.19567739663758	534235E5-91A6-4D11-B984-96FF5932C823	2.75	3.75	75	50
20C132AD-0C7C-41BF-A35C-5A95FA87892A	3.19567739663758	DEBD54B6-D961-4098-9292-C51A80CAEFB2	2.75	5	75	50
DEBD54B6-D961-4098-9292-C51A80CAEFB2	3.15064910204897	534235E5-91A6-4D11-B984-96FF5932C823	2.75	3.75	100	50
DEBD54B6-D961-4098-9292-C51A80CAEFB2	3.15064910204897	DEBD54B6-D961-4098-9292-C51A80CAEFB2	2.75	5	100	50
8D1E7EA2-26E3-4693-AC85-0C975DAC9448	2.97773860376937	534235E5-91A6-4D11-B984-96FF5932C823	2.75	3.75	100	50
8D1E7EA2-26E3-4693-AC85-0C975DAC9448	2.97773860376937	DEBD54B6-D961-4098-9292-C51A80CAEFB2	2.75	5	100	50
694A4A01-56E0-494A-B030-0D2757EDB4C1	3.11172213950088	3B947680-2625-4E70-A715-5ACF8491B309	1.5	5	75	51
9CED877C-497E-45B6-9549-562C758E00FA	2.90526532967606	64C7B186-DE40-4CAD-A1F6-DFFE7142C990	4.75	5	75	51
64C7B186-DE40-4CAD-A1F6-DFFE7142C990	2.81763438056682	64C7B186-DE40-4CAD-A1F6-DFFE7142C990	4.75	5	100	51
64C7B186-DE40-4CAD-A1F6-DFFE7142C990	2.81763438056682	79D48CBA-971B-453E-8C5C-8C2BCADE78A0	5	5	75	51
A41E2539-2194-4DA3-8618-B1F5C7410576	2.78656256835575	64C7B186-DE40-4CAD-A1F6-DFFE7142C990	4.75	5	100	51
A41E2539-2194-4DA3-8618-B1F5C7410576	2.78656256835575	79D48CBA-971B-453E-8C5C-8C2BCADE78A0	5	5	75	51
0F667EC6-D35A-4EC1-945F-921A64BE56A3	2.73352327656929	D86AEF28-5EE7-4FD9-9A9B-DE8CC06C4557	1	1.25	100	51
BC4301E9-9B45-4464-81AF-2F180218A093	2.58249744658893	D86AEF28-5EE7-4FD9-9A9B-DE8CC06C4557	1	1.25	100	51
694A4A01-56E0-494A-B030-0D2757EDB4C1	3.6315980875107	3B947680-2625-4E70-A715-5ACF8491B309	1.5	4.25	75	52
EEFED63B-8EEB-431B-BB50-63C25798EA83	3.5064870796538	20C132AD-0C7C-41BF-A35C-5A95FA87892A	3	4	75	52
EEFED63B-8EEB-431B-BB50-63C25798EA83	3.5064870796538	EEFED63B-8EEB-431B-BB50-63C25798EA83	3.25	5	100	52
9CED877C-497E-45B6-9549-562C758E00FA	3.39064850604167	0793712A-8C2C-416B-9080-6C70E46664CB	4.5	4.75	100	52
20C132AD-0C7C-41BF-A35C-5A95FA87892A	3.3550903067874	20C132AD-0C7C-41BF-A35C-5A95FA87892A	3	4	100	52
20C132AD-0C7C-41BF-A35C-5A95FA87892A	3.3550903067874	8D1E7EA2-26E3-4693-AC85-0C975DAC9448	2.75	5	75	52
20C132AD-0C7C-41BF-A35C-5A95FA87892A	3.3550903067874	EEFED63B-8EEB-431B-BB50-63C25798EA83	3.25	5	75	52
DEBD54B6-D961-4098-9292-C51A80CAEFB2	3.30781582617271	20C132AD-0C7C-41BF-A35C-5A95FA87892A	3	4	75	52
DEBD54B6-D961-4098-9292-C51A80CAEFB2	3.30781582617271	8D1E7EA2-26E3-4693-AC85-0C975DAC9448	2.75	5	100	52
64C7B186-DE40-4CAD-A1F6-DFFE7142C990	3.28837703835905	0793712A-8C2C-416B-9080-6C70E46664CB	4.5	4.75	75	52
A41E2539-2194-4DA3-8618-B1F5C7410576	3.25211405311606	0793712A-8C2C-416B-9080-6C70E46664CB	4.5	4.75	75	52
8D1E7EA2-26E3-4693-AC85-0C975DAC9448	3.12627987399218	20C132AD-0C7C-41BF-A35C-5A95FA87892A	3	4	75	52
8D1E7EA2-26E3-4693-AC85-0C975DAC9448	3.12627987399218	8D1E7EA2-26E3-4693-AC85-0C975DAC9448	2.75	5	100	52
694A4A01-56E0-494A-B030-0D2757EDB4C1	4.35440147520427	686509C1-FDCA-4255-95FA-005B4947A0D1	2	3	75	53
694A4A01-56E0-494A-B030-0D2757EDB4C1	4.35440147520427	10A30E85-8A3E-44FB-ABBA-FD62244EA179	1.75	5	100	53
694A4A01-56E0-494A-B030-0D2757EDB4C1	4.35440147520427	D232AFDB-9ADC-4D08-BFAB-7996BE42E53E	2	5	75	53
694A4A01-56E0-494A-B030-0D2757EDB4C1	4.35440147520427	61FDF88B-1DB1-463F-BAEB-848A9A1F815D	1.5	4.75	75	53
694A4A01-56E0-494A-B030-0D2757EDB4C1	4.35440147520427	3B947680-2625-4E70-A715-5ACF8491B309	1.5	4	75	53
694A4A01-56E0-494A-B030-0D2757EDB4C1	4.35440147520427	694A4A01-56E0-494A-B030-0D2757EDB4C1	1.75	4.25	100	53
EEFED63B-8EEB-431B-BB50-63C25798EA83	4.20438940122966	68171AD7-2B47-4D86-B0BC-1CD6AD9B6CBA	3.25	4.5	100	53
EEFED63B-8EEB-431B-BB50-63C25798EA83	4.20438940122966	B47E7D4F-B0CA-48F0-97C5-CF61FE21295B	3.5	2.75	75	53
EEFED63B-8EEB-431B-BB50-63C25798EA83	4.20438940122966	20C132AD-0C7C-41BF-A35C-5A95FA87892A	3	5	75	53
EEFED63B-8EEB-431B-BB50-63C25798EA83	4.20438940122966	FF492B4B-9780-4B6A-8035-AFAFAF1A0B7B	3.5	4	75	53
EEFED63B-8EEB-431B-BB50-63C25798EA83	4.20438940122966	EEFED63B-8EEB-431B-BB50-63C25798EA83	3.25	1.5	100	53
9CED877C-497E-45B6-9549-562C758E00FA	4.06549527343632	A41E2539-2194-4DA3-8618-B1F5C7410576	4.75	2.25	75	53
9CED877C-497E-45B6-9549-562C758E00FA	4.06549527343632	64C7B186-DE40-4CAD-A1F6-DFFE7142C990	4.75	2.5	75	53
9CED877C-497E-45B6-9549-562C758E00FA	4.06549527343632	37B95289-EA7B-4686-B2D2-7AB47FE22AEC	4.25	3.25	75	53
9CED877C-497E-45B6-9549-562C758E00FA	4.06549527343632	0793712A-8C2C-416B-9080-6C70E46664CB	4.5	1	100	53
9CED877C-497E-45B6-9549-562C758E00FA	4.06549527343632	9CED877C-497E-45B6-9549-562C758E00FA	4.5	2.75	100	53
20C132AD-0C7C-41BF-A35C-5A95FA87892A	4.02285985822157	68171AD7-2B47-4D86-B0BC-1CD6AD9B6CBA	3.25	4.5	75	53
20C132AD-0C7C-41BF-A35C-5A95FA87892A	4.02285985822157	20C132AD-0C7C-41BF-A35C-5A95FA87892A	3	5	100	53
20C132AD-0C7C-41BF-A35C-5A95FA87892A	4.02285985822157	534235E5-91A6-4D11-B984-96FF5932C823	2.75	4	75	53
20C132AD-0C7C-41BF-A35C-5A95FA87892A	4.02285985822157	8D1E7EA2-26E3-4693-AC85-0C975DAC9448	2.75	4.75	75	53
20C132AD-0C7C-41BF-A35C-5A95FA87892A	4.02285985822157	DEBD54B6-D961-4098-9292-C51A80CAEFB2	2.75	4	75	53
20C132AD-0C7C-41BF-A35C-5A95FA87892A	4.02285985822157	EEFED63B-8EEB-431B-BB50-63C25798EA83	3.25	1.5	75	53
DEBD54B6-D961-4098-9292-C51A80CAEFB2	3.96617625530362	52D5D688-98D5-455A-97D8-40E74216EC3F	2.5	1	75	53
DEBD54B6-D961-4098-9292-C51A80CAEFB2	3.96617625530362	83BB2A15-D8BC-4265-BB49-2A018278891A	2.5	4.25	75	53
DEBD54B6-D961-4098-9292-C51A80CAEFB2	3.96617625530362	20C132AD-0C7C-41BF-A35C-5A95FA87892A	3	5	75	53
DEBD54B6-D961-4098-9292-C51A80CAEFB2	3.96617625530362	534235E5-91A6-4D11-B984-96FF5932C823	2.75	4	100	53
DEBD54B6-D961-4098-9292-C51A80CAEFB2	3.96617625530362	8D1E7EA2-26E3-4693-AC85-0C975DAC9448	2.75	4.75	100	53
DEBD54B6-D961-4098-9292-C51A80CAEFB2	3.96617625530362	DEBD54B6-D961-4098-9292-C51A80CAEFB2	2.75	4	100	53
64C7B186-DE40-4CAD-A1F6-DFFE7142C990	3.94286853628076	A41E2539-2194-4DA3-8618-B1F5C7410576	4.75	2.25	100	53
64C7B186-DE40-4CAD-A1F6-DFFE7142C990	3.94286853628076	64C7B186-DE40-4CAD-A1F6-DFFE7142C990	4.75	2.5	100	53
64C7B186-DE40-4CAD-A1F6-DFFE7142C990	3.94286853628076	79D48CBA-971B-453E-8C5C-8C2BCADE78A0	5	2.75	75	53
64C7B186-DE40-4CAD-A1F6-DFFE7142C990	3.94286853628076	76A55B6C-21BD-4CE7-B9C7-DD3AE6340804	5	1	75	53
64C7B186-DE40-4CAD-A1F6-DFFE7142C990	3.94286853628076	0793712A-8C2C-416B-9080-6C70E46664CB	4.5	1	75	53
64C7B186-DE40-4CAD-A1F6-DFFE7142C990	3.94286853628076	D6169755-EB0D-4FFE-8B01-397BF3E48F8B	5	3.5	75	53
64C7B186-DE40-4CAD-A1F6-DFFE7142C990	3.94286853628076	9CED877C-497E-45B6-9549-562C758E00FA	4.5	2.75	75	53
A41E2539-2194-4DA3-8618-B1F5C7410576	3.89938806257091	A41E2539-2194-4DA3-8618-B1F5C7410576	4.75	2.25	100	53
A41E2539-2194-4DA3-8618-B1F5C7410576	3.89938806257091	64C7B186-DE40-4CAD-A1F6-DFFE7142C990	4.75	2.5	100	53
A41E2539-2194-4DA3-8618-B1F5C7410576	3.89938806257091	79D48CBA-971B-453E-8C5C-8C2BCADE78A0	5	2.75	75	53
A41E2539-2194-4DA3-8618-B1F5C7410576	3.89938806257091	76A55B6C-21BD-4CE7-B9C7-DD3AE6340804	5	1	75	53
A41E2539-2194-4DA3-8618-B1F5C7410576	3.89938806257091	0793712A-8C2C-416B-9080-6C70E46664CB	4.5	1	75	53
A41E2539-2194-4DA3-8618-B1F5C7410576	3.89938806257091	D6169755-EB0D-4FFE-8B01-397BF3E48F8B	5	3.5	75	53
A41E2539-2194-4DA3-8618-B1F5C7410576	3.89938806257091	9CED877C-497E-45B6-9549-562C758E00FA	4.5	2.75	75	53
0F667EC6-D35A-4EC1-945F-921A64BE56A3	3.82516730523282	BC4301E9-9B45-4464-81AF-2F180218A093	1	5	100	53
0F667EC6-D35A-4EC1-945F-921A64BE56A3	3.82516730523282	D86AEF28-5EE7-4FD9-9A9B-DE8CC06C4557	1	5	100	53
0F667EC6-D35A-4EC1-945F-921A64BE56A3	3.82516730523282	F13BB7BB-9260-4400-AFFA-377C7236CDA2	1.25	5	75	53
0F667EC6-D35A-4EC1-945F-921A64BE56A3	3.82516730523282	0F667EC6-D35A-4EC1-945F-921A64BE56A3	1	5	100	53
8D1E7EA2-26E3-4693-AC85-0C975DAC9448	3.74850888184363	52D5D688-98D5-455A-97D8-40E74216EC3F	2.5	1	75	53
8D1E7EA2-26E3-4693-AC85-0C975DAC9448	3.74850888184363	83BB2A15-D8BC-4265-BB49-2A018278891A	2.5	4.25	75	53
8D1E7EA2-26E3-4693-AC85-0C975DAC9448	3.74850888184363	20C132AD-0C7C-41BF-A35C-5A95FA87892A	3	5	75	53
8D1E7EA2-26E3-4693-AC85-0C975DAC9448	3.74850888184363	534235E5-91A6-4D11-B984-96FF5932C823	2.75	4	100	53
8D1E7EA2-26E3-4693-AC85-0C975DAC9448	3.74850888184363	8D1E7EA2-26E3-4693-AC85-0C975DAC9448	2.75	4.75	100	53
8D1E7EA2-26E3-4693-AC85-0C975DAC9448	3.74850888184363	DEBD54B6-D961-4098-9292-C51A80CAEFB2	2.75	4	100	53
BC4301E9-9B45-4464-81AF-2F180218A093	3.61382867522971	BC4301E9-9B45-4464-81AF-2F180218A093	1	5	100	53
BC4301E9-9B45-4464-81AF-2F180218A093	3.61382867522971	D86AEF28-5EE7-4FD9-9A9B-DE8CC06C4557	1	5	100	53
BC4301E9-9B45-4464-81AF-2F180218A093	3.61382867522971	F13BB7BB-9260-4400-AFFA-377C7236CDA2	1.25	5	75	53
BC4301E9-9B45-4464-81AF-2F180218A093	3.61382867522971	0F667EC6-D35A-4EC1-945F-921A64BE56A3	1	5	100	53
