694a4a01-56e0-494a-b030-0d2757edb4c1	3.31501120758256	9ced877c-497e-45b6-9549-562c758e00fa	1	5	75	1
694a4a01-56e0-494a-b030-0d2757edb4c1	3.31501120758256	eefed63b-8eeb-431b-bb50-63c25798ea83	1.5	3.5	75	1
eefed63b-8eeb-431b-bb50-63c25798ea83	3.29338208797703	eefed63b-8eeb-431b-bb50-63c25798ea83	1.5	3.5	100	1
64c7b186-de40-4cad-a1f6-dffe7142c990	3.24356860919548	9ced877c-497e-45b6-9549-562c758e00fa	1	5	100	1
9ced877c-497e-45b6-9549-562c758e00fa	3.20859778013353	9ced877c-497e-45b6-9549-562c758e00fa	1	5	100	1
8d1e7ea2-26e3-4693-ac85-0c975dac9448	2.86266592944746	d86aef28-5ee7-4fd9-9a9b-de8cc06c4557	2.5	3.25	75	1
debd54b6-d961-4098-9292-c51a80caefb2	2.74989460667334	686509c1-fdca-4255-95fa-005b4947a0d1	2.25	4.25	75	1
debd54b6-d961-4098-9292-c51a80caefb2	2.74989460667334	d86aef28-5ee7-4fd9-9a9b-de8cc06c4557	2.5	3.25	100	1
bc4301e9-9b45-4464-81af-2f180218a093	2.71561687623077	686509c1-fdca-4255-95fa-005b4947a0d1	2.25	4.25	100	1
bc4301e9-9b45-4464-81af-2f180218a093	2.71561687623077	21bb91af-fb89-4f9b-a2ac-be9e84807e6d	2	4.75	75	1
bc4301e9-9b45-4464-81af-2f180218a093	2.71561687623077	d86aef28-5ee7-4fd9-9a9b-de8cc06c4557	2.5	3.25	75	1
694a4a01-56e0-494a-b030-0d2757edb4c1	3.44207409134502	694a4a01-56e0-494a-b030-0d2757edb4c1	1.25	5	100	2
694a4a01-56e0-494a-b030-0d2757edb4c1	3.44207409134502	eefed63b-8eeb-431b-bb50-63c25798ea83	1.5	4.25	75	2
eefed63b-8eeb-431b-bb50-63c25798ea83	3.41961593744427	694a4a01-56e0-494a-b030-0d2757edb4c1	1.25	5	75	2
eefed63b-8eeb-431b-bb50-63c25798ea83	3.41961593744427	eefed63b-8eeb-431b-bb50-63c25798ea83	1.5	4.25	100	2
64c7b186-de40-4cad-a1f6-dffe7142c990	3.36789313037777	694a4a01-56e0-494a-b030-0d2757edb4c1	1.25	5	75	2
9ced877c-497e-45b6-9549-562c758e00fa	3.33158188520739	694a4a01-56e0-494a-b030-0d2757edb4c1	1.25	5	75	2
a41e2539-2194-4da3-8618-b1f5c7410576	3.25614595025213	8d1e7ea2-26e3-4693-ac85-0c975dac9448	2.75	5	75	2
20c132ad-0c7c-41bf-a35c-5a95fa87892a	2.97842190764628	20c132ad-0c7c-41bf-a35c-5a95fa87892a	3.5	3.75	100	2
8d1e7ea2-26e3-4693-ac85-0c975dac9448	2.97239062279759	8d1e7ea2-26e3-4693-ac85-0c975dac9448	2.75	5	100	2
debd54b6-d961-4098-9292-c51a80caefb2	2.85529682610056	8d1e7ea2-26e3-4693-ac85-0c975dac9448	2.75	5	75	2
bc4301e9-9b45-4464-81af-2f180218a093	2.81970524571048	21bb91af-fb89-4f9b-a2ac-be9e84807e6d	2	4	75	2
694a4a01-56e0-494a-b030-0d2757edb4c1	3.87372560685261	61fdf88b-1db1-463f-baeb-848a9a1f815d	1.5	5	75	3
694a4a01-56e0-494a-b030-0d2757edb4c1	3.87372560685261	694a4a01-56e0-494a-b030-0d2757edb4c1	1.25	5	100	3
eefed63b-8eeb-431b-bb50-63c25798ea83	3.84845109995325	61fdf88b-1db1-463f-baeb-848a9a1f815d	1.5	5	100	3
eefed63b-8eeb-431b-bb50-63c25798ea83	3.84845109995325	694a4a01-56e0-494a-b030-0d2757edb4c1	1.25	5	75	3
64c7b186-de40-4cad-a1f6-dffe7142c990	3.79024202096272	694a4a01-56e0-494a-b030-0d2757edb4c1	1.25	5	75	3
9ced877c-497e-45b6-9549-562c758e00fa	3.74937718288313	694a4a01-56e0-494a-b030-0d2757edb4c1	1.25	5	75	3
20c132ad-0c7c-41bf-a35c-5a95fa87892a	3.35192936163894	20c132ad-0c7c-41bf-a35c-5a95fa87892a	3.5	5	100	3
debd54b6-d961-4098-9292-c51a80caefb2	3.21336384307274	bc4301e9-9b45-4464-81af-2f180218a093	2.25	4.5	75	3
bc4301e9-9b45-4464-81af-2f180218a093	3.17330891904758	bc4301e9-9b45-4464-81af-2f180218a093	2.25	4.5	100	3
bc4301e9-9b45-4464-81af-2f180218a093	3.17330891904758	76a55b6c-21bd-4ce7-b9c7-dd3ae6340804	2	4.75	75	3
694a4a01-56e0-494a-b030-0d2757edb4c1	3.39300869111452	eefed63b-8eeb-431b-bb50-63c25798ea83	1.5	5	75	4
eefed63b-8eeb-431b-bb50-63c25798ea83	3.37087065255162	eefed63b-8eeb-431b-bb50-63c25798ea83	1.5	5	100	4
a41e2539-2194-4da3-8618-b1f5c7410576	3.20973086961982	68171ad7-2b47-4d86-b0bc-1cd6ad9b6cba	2.75	4.25	75	4
a41e2539-2194-4da3-8618-b1f5c7410576	3.20973086961982	8d1e7ea2-26e3-4693-ac85-0c975dac9448	2.75	5	75	4
8d1e7ea2-26e3-4693-ac85-0c975dac9448	2.9300203659282	68171ad7-2b47-4d86-b0bc-1cd6ad9b6cba	2.75	4.25	100	4
8d1e7ea2-26e3-4693-ac85-0c975dac9448	2.9300203659282	8d1e7ea2-26e3-4693-ac85-0c975dac9448	2.75	5	100	4
debd54b6-d961-4098-9292-c51a80caefb2	2.81459568891843	68171ad7-2b47-4d86-b0bc-1cd6ad9b6cba	2.75	4.25	75	4
debd54b6-d961-4098-9292-c51a80caefb2	2.81459568891843	bc4301e9-9b45-4464-81af-2f180218a093	2.25	4	75	4
debd54b6-d961-4098-9292-c51a80caefb2	2.81459568891843	8d1e7ea2-26e3-4693-ac85-0c975dac9448	2.75	5	75	4
bc4301e9-9b45-4464-81af-2f180218a093	2.7795114569698	bc4301e9-9b45-4464-81af-2f180218a093	2.25	4	100	4
694a4a01-56e0-494a-b030-0d2757edb4c1	3.68780309448278	61fdf88b-1db1-463f-baeb-848a9a1f815d	1.5	3.75	75	5
694a4a01-56e0-494a-b030-0d2757edb4c1	3.68780309448278	9ced877c-497e-45b6-9549-562c758e00fa	1	5	75	5
eefed63b-8eeb-431b-bb50-63c25798ea83	3.66374165444627	61fdf88b-1db1-463f-baeb-848a9a1f815d	1.5	3.75	100	5
64c7b186-de40-4cad-a1f6-dffe7142c990	3.60832636735523	9ced877c-497e-45b6-9549-562c758e00fa	1	5	100	5
9ced877c-497e-45b6-9549-562c758e00fa	3.56942287064903	9ced877c-497e-45b6-9549-562c758e00fa	1	5	100	5
a41e2539-2194-4da3-8618-b1f5c7410576	3.48860157828503	a41e2539-2194-4da3-8618-b1f5c7410576	3	5	100	5
8d1e7ea2-26e3-4693-ac85-0c975dac9448	3.18458901382881	a41e2539-2194-4da3-8618-b1f5c7410576	3	5	75	5
8d1e7ea2-26e3-4693-ac85-0c975dac9448	3.18458901382881	d86aef28-5ee7-4fd9-9a9b-de8cc06c4557	2.5	4	75	5
debd54b6-d961-4098-9292-c51a80caefb2	3.05913591251182	d86aef28-5ee7-4fd9-9a9b-de8cc06c4557	2.5	4	100	5
debd54b6-d961-4098-9292-c51a80caefb2	3.05913591251182	79d48cba-971b-453e-8c5c-8c2bcade78a0	2.25	5	75	5
bc4301e9-9b45-4464-81af-2f180218a093	3.02100345724936	d86aef28-5ee7-4fd9-9a9b-de8cc06c4557	2.5	4	75	5
bc4301e9-9b45-4464-81af-2f180218a093	3.02100345724936	79d48cba-971b-453e-8c5c-8c2bcade78a0	2.25	5	100	5
694a4a01-56e0-494a-b030-0d2757edb4c1	3.03412604716542	61fdf88b-1db1-463f-baeb-848a9a1f815d	1.5	2.25	75	6
eefed63b-8eeb-431b-bb50-63c25798ea83	3.01432959163433	61fdf88b-1db1-463f-baeb-848a9a1f815d	1.5	2.25	100	6
a41e2539-2194-4da3-8618-b1f5c7410576	2.87023375730458	f13bb7bb-9260-4400-affa-377c7236cda2	3.25	3.5	75	6
20c132ad-0c7c-41bf-a35c-5a95fa87892a	2.62542503752935	f13bb7bb-9260-4400-affa-377c7236cda2	3.25	3.5	75	6
20c132ad-0c7c-41bf-a35c-5a95fa87892a	2.62542503752935	20c132ad-0c7c-41bf-a35c-5a95fa87892a	3.5	4	100	6
8d1e7ea2-26e3-4693-ac85-0c975dac9448	2.62010856705257	debd54b6-d961-4098-9292-c51a80caefb2	2.5	4	75	6
debd54b6-d961-4098-9292-c51a80caefb2	2.51689250326283	debd54b6-d961-4098-9292-c51a80caefb2	2.5	4	100	6
bc4301e9-9b45-4464-81af-2f180218a093	2.48551917125612	debd54b6-d961-4098-9292-c51a80caefb2	2.5	4	75	6
694a4a01-56e0-494a-b030-0d2757edb4c1	2.80900232325709	9ced877c-497e-45b6-9549-562c758e00fa	1	4.25	75	7
64c7b186-de40-4cad-a1f6-dffe7142c990	2.74846484182899	9ced877c-497e-45b6-9549-562c758e00fa	1	4.25	100	7
9ced877c-497e-45b6-9549-562c758e00fa	2.71883202890045	9ced877c-497e-45b6-9549-562c758e00fa	1	4.25	100	7
debd54b6-d961-4098-9292-c51a80caefb2	2.33014606951464	686509c1-fdca-4255-95fa-005b4947a0d1	2.25	4.5	75	7
bc4301e9-9b45-4464-81af-2f180218a093	2.30110055097346	686509c1-fdca-4255-95fa-005b4947a0d1	2.25	4.5	100	7
694a4a01-56e0-494a-b030-0d2757edb4c1	3.63733579111621	61fdf88b-1db1-463f-baeb-848a9a1f815d	1.5	4.75	75	8
694a4a01-56e0-494a-b030-0d2757edb4c1	3.63733579111621	eefed63b-8eeb-431b-bb50-63c25798ea83	1.5	3.25	75	8
eefed63b-8eeb-431b-bb50-63c25798ea83	3.61360363242032	61fdf88b-1db1-463f-baeb-848a9a1f815d	1.5	4.75	100	8
eefed63b-8eeb-431b-bb50-63c25798ea83	3.61360363242032	eefed63b-8eeb-431b-bb50-63c25798ea83	1.5	3.25	100	8
a41e2539-2194-4da3-8618-b1f5c7410576	3.44086033411199	8d1e7ea2-26e3-4693-ac85-0c975dac9448	2.75	5	75	8
8d1e7ea2-26e3-4693-ac85-0c975dac9448	3.14100815733433	8d1e7ea2-26e3-4693-ac85-0c975dac9448	2.75	5	100	8
debd54b6-d961-4098-9292-c51a80caefb2	3.01727187349527	534235e5-91a6-4d11-b984-96ff5932c823	2.25	5	75	8
debd54b6-d961-4098-9292-c51a80caefb2	3.01727187349527	8d1e7ea2-26e3-4693-ac85-0c975dac9448	2.75	5	75	8
bc4301e9-9b45-4464-81af-2f180218a093	2.97966125638529	534235e5-91a6-4d11-b984-96ff5932c823	2.25	5	100	8
694a4a01-56e0-494a-b030-0d2757edb4c1	3.55443964788397	eefed63b-8eeb-431b-bb50-63c25798ea83	1.5	5	75	9
eefed63b-8eeb-431b-bb50-63c25798ea83	3.5312483479386	eefed63b-8eeb-431b-bb50-63c25798ea83	1.5	5	100	9
a41e2539-2194-4da3-8618-b1f5c7410576	3.36244193066188	a41e2539-2194-4da3-8618-b1f5c7410576	3	5	100	9
a41e2539-2194-4da3-8618-b1f5c7410576	3.36244193066188	f13bb7bb-9260-4400-affa-377c7236cda2	3.25	1.75	75	9
a41e2539-2194-4da3-8618-b1f5c7410576	3.36244193066188	8d1e7ea2-26e3-4693-ac85-0c975dac9448	2.75	5	75	9
20c132ad-0c7c-41bf-a35c-5a95fa87892a	3.07565166486614	f13bb7bb-9260-4400-affa-377c7236cda2	3.25	1.75	75	9
20c132ad-0c7c-41bf-a35c-5a95fa87892a	3.07565166486614	20c132ad-0c7c-41bf-a35c-5a95fa87892a	3.5	5	100	9
8d1e7ea2-26e3-4693-ac85-0c975dac9448	3.0694234910053	a41e2539-2194-4da3-8618-b1f5c7410576	3	5	75	9
8d1e7ea2-26e3-4693-ac85-0c975dac9448	3.0694234910053	8d1e7ea2-26e3-4693-ac85-0c975dac9448	2.75	5	100	9
debd54b6-d961-4098-9292-c51a80caefb2	2.9485071983764	8d1e7ea2-26e3-4693-ac85-0c975dac9448	2.75	5	75	9
20c132ad-0c7c-41bf-a35c-5a95fa87892a	1.74664461563985	20c132ad-0c7c-41bf-a35c-5a95fa87892a	3.5	3	100	10
8d1e7ea2-26e3-4693-ac85-0c975dac9448	1.74310767163904	d86aef28-5ee7-4fd9-9a9b-de8cc06c4557	2.5	3.75	75	10
debd54b6-d961-4098-9292-c51a80caefb2	1.67444001649605	d86aef28-5ee7-4fd9-9a9b-de8cc06c4557	2.5	3.75	100	10
debd54b6-d961-4098-9292-c51a80caefb2	1.67444001649605	534235e5-91a6-4d11-b984-96ff5932c823	2.25	1.25	75	10
bc4301e9-9b45-4464-81af-2f180218a093	1.65356794289183	21bb91af-fb89-4f9b-a2ac-be9e84807e6d	2	3	75	10
bc4301e9-9b45-4464-81af-2f180218a093	1.65356794289183	d86aef28-5ee7-4fd9-9a9b-de8cc06c4557	2.5	3.75	75	10
bc4301e9-9b45-4464-81af-2f180218a093	1.65356794289183	534235e5-91a6-4d11-b984-96ff5932c823	2.25	1.25	100	10
0793712a-8c2c-416b-9080-6c70e46664cb	1.63982815971567	0793712a-8c2c-416b-9080-6c70e46664cb	4.25	1.25	100	10
694a4a01-56e0-494a-b030-0d2757edb4c1	3.16770218620823	9ced877c-497e-45b6-9549-562c758e00fa	1	3.25	75	11
eefed63b-8eeb-431b-bb50-63c25798ea83	3.14703419907286	3b947680-2625-4e70-a715-5acf8491b309	1.75	3.75	75	11
64c7b186-de40-4cad-a1f6-dffe7142c990	3.09943427964586	9ced877c-497e-45b6-9549-562c758e00fa	1	3.25	100	11
9ced877c-497e-45b6-9549-562c758e00fa	3.06601744793214	9ced877c-497e-45b6-9549-562c758e00fa	1	3.25	100	11
a41e2539-2194-4da3-8618-b1f5c7410576	2.99659460293993	86f75337-2fd7-4ef8-9c35-e1035f5482e4	2.75	4.25	75	11
8d1e7ea2-26e3-4693-ac85-0c975dac9448	2.73545775718009	d86aef28-5ee7-4fd9-9a9b-de8cc06c4557	2.5	4	75	11
8d1e7ea2-26e3-4693-ac85-0c975dac9448	2.73545775718009	86f75337-2fd7-4ef8-9c35-e1035f5482e4	2.75	4.25	100	11
debd54b6-d961-4098-9292-c51a80caefb2	2.6276976491761	bc4301e9-9b45-4464-81af-2f180218a093	2.25	4.5	75	11
debd54b6-d961-4098-9292-c51a80caefb2	2.6276976491761	d86aef28-5ee7-4fd9-9a9b-de8cc06c4557	2.5	4	100	11
debd54b6-d961-4098-9292-c51a80caefb2	2.6276976491761	86f75337-2fd7-4ef8-9c35-e1035f5482e4	2.75	4.25	75	11
bc4301e9-9b45-4464-81af-2f180218a093	2.59494311689647	bc4301e9-9b45-4464-81af-2f180218a093	2.25	4.5	100	11
bc4301e9-9b45-4464-81af-2f180218a093	2.59494311689647	d86aef28-5ee7-4fd9-9a9b-de8cc06c4557	2.5	4	75	11
694a4a01-56e0-494a-b030-0d2757edb4c1	3.75398732911986	694a4a01-56e0-494a-b030-0d2757edb4c1	1.25	5	100	12
eefed63b-8eeb-431b-bb50-63c25798ea83	3.72949410886345	694a4a01-56e0-494a-b030-0d2757edb4c1	1.25	5	75	12
64c7b186-de40-4cad-a1f6-dffe7142c990	3.6730842479282	694a4a01-56e0-494a-b030-0d2757edb4c1	1.25	5	75	12
9ced877c-497e-45b6-9549-562c758e00fa	3.63348255971344	694a4a01-56e0-494a-b030-0d2757edb4c1	1.25	5	75	12
20c132ad-0c7c-41bf-a35c-5a95fa87892a	3.24832000235765	20c132ad-0c7c-41bf-a35c-5a95fa87892a	3.5	5	100	12
8d1e7ea2-26e3-4693-ac85-0c975dac9448	3.24174217012057	d86aef28-5ee7-4fd9-9a9b-de8cc06c4557	2.5	3.75	75	12
debd54b6-d961-4098-9292-c51a80caefb2	3.11403759035124	d86aef28-5ee7-4fd9-9a9b-de8cc06c4557	2.5	3.75	100	12
debd54b6-d961-4098-9292-c51a80caefb2	3.11403759035124	534235e5-91a6-4d11-b984-96ff5932c823	2.25	4.5	75	12
bc4301e9-9b45-4464-81af-2f180218a093	3.07522077589612	21bb91af-fb89-4f9b-a2ac-be9e84807e6d	2	4.75	75	12
bc4301e9-9b45-4464-81af-2f180218a093	3.07522077589612	d86aef28-5ee7-4fd9-9a9b-de8cc06c4557	2.5	3.75	75	12
bc4301e9-9b45-4464-81af-2f180218a093	3.07522077589612	534235e5-91a6-4d11-b984-96ff5932c823	2.25	4.5	100	12
694a4a01-56e0-494a-b030-0d2757edb4c1	3.77191542965685	694a4a01-56e0-494a-b030-0d2757edb4c1	1.25	5	100	13
eefed63b-8eeb-431b-bb50-63c25798ea83	3.74730518830253	694a4a01-56e0-494a-b030-0d2757edb4c1	1.25	5	75	13
64c7b186-de40-4cad-a1f6-dffe7142c990	3.69062597825895	694a4a01-56e0-494a-b030-0d2757edb4c1	1.25	5	75	13
9ced877c-497e-45b6-9549-562c758e00fa	3.65083515910928	694a4a01-56e0-494a-b030-0d2757edb4c1	1.25	5	75	13
debd54b6-d961-4098-9292-c51a80caefb2	3.12890945037458	79d48cba-971b-453e-8c5c-8c2bcade78a0	2.25	5	75	13
bc4301e9-9b45-4464-81af-2f180218a093	3.08990725824754	79d48cba-971b-453e-8c5c-8c2bcade78a0	2.25	5	100	13
bc4301e9-9b45-4464-81af-2f180218a093	3.08990725824754	76a55b6c-21bd-4ce7-b9c7-dd3ae6340804	2	4.75	75	13
0793712a-8c2c-416b-9080-6c70e46664cb	3.06423268430212	d6169755-eb0d-4ffe-8b01-397bf3e48f8b	4.5	3	75	13
694a4a01-56e0-494a-b030-0d2757edb4c1	3.24945540008927	9ced877c-497e-45b6-9549-562c758e00fa	1	3.25	75	14
694a4a01-56e0-494a-b030-0d2757edb4c1	3.24945540008927	75291c0b-2d30-401a-b568-6147335d88a5	1	5	75	14
64c7b186-de40-4cad-a1f6-dffe7142c990	3.17942561048736	9ced877c-497e-45b6-9549-562c758e00fa	1	3.25	100	14
64c7b186-de40-4cad-a1f6-dffe7142c990	3.17942561048736	75291c0b-2d30-401a-b568-6147335d88a5	1	5	100	14
9ced877c-497e-45b6-9549-562c758e00fa	3.14514634503225	9ced877c-497e-45b6-9549-562c758e00fa	1	3.25	100	14
9ced877c-497e-45b6-9549-562c758e00fa	3.14514634503225	75291c0b-2d30-401a-b568-6147335d88a5	1	5	100	14
20c132ad-0c7c-41bf-a35c-5a95fa87892a	2.8117492227986	c86f19a7-4709-4fee-a534-cbb721186c55	3.5	4.5	100	14
694a4a01-56e0-494a-b030-0d2757edb4c1	3.05040951821825	9ced877c-497e-45b6-9549-562c758e00fa	1	3	75	15
64c7b186-de40-4cad-a1f6-dffe7142c990	2.98466941672079	9ced877c-497e-45b6-9549-562c758e00fa	1	3	100	15
9ced877c-497e-45b6-9549-562c758e00fa	2.95248993219739	9ced877c-497e-45b6-9549-562c758e00fa	1	3	100	15
20c132ad-0c7c-41bf-a35c-5a95fa87892a	2.63951510062259	20c132ad-0c7c-41bf-a35c-5a95fa87892a	3.5	5	100	15
8d1e7ea2-26e3-4693-ac85-0c975dac9448	2.63417009973604	debd54b6-d961-4098-9292-c51a80caefb2	2.5	4	75	15
debd54b6-d961-4098-9292-c51a80caefb2	2.5304000950223	debd54b6-d961-4098-9292-c51a80caefb2	2.5	4	100	15
bc4301e9-9b45-4464-81af-2f180218a093	2.49885839218919	76a55b6c-21bd-4ce7-b9c7-dd3ae6340804	2	4.75	75	15
bc4301e9-9b45-4464-81af-2f180218a093	2.49885839218919	debd54b6-d961-4098-9292-c51a80caefb2	2.5	4	75	15
694a4a01-56e0-494a-b030-0d2757edb4c1	3.72712644971177	75291c0b-2d30-401a-b568-6147335d88a5	1	5	75	16
eefed63b-8eeb-431b-bb50-63c25798ea83	3.70280843205754	ff492b4b-9780-4b6a-8035-afafaf1a0b7b	1.75	4.25	75	16
64c7b186-de40-4cad-a1f6-dffe7142c990	3.64680224576499	75291c0b-2d30-401a-b568-6147335d88a5	1	5	100	16
9ced877c-497e-45b6-9549-562c758e00fa	3.60748392332683	75291c0b-2d30-401a-b568-6147335d88a5	1	5	100	16
debd54b6-d961-4098-9292-c51a80caefb2	3.09175573784722	79d48cba-971b-453e-8c5c-8c2bcade78a0	2.25	5	75	16
bc4301e9-9b45-4464-81af-2f180218a093	3.0532166651783	79d48cba-971b-453e-8c5c-8c2bcade78a0	2.25	5	100	16
694a4a01-56e0-494a-b030-0d2757edb4c1	3.44519217042953	9ced877c-497e-45b6-9549-562c758e00fa	1	5	75	17
694a4a01-56e0-494a-b030-0d2757edb4c1	3.44519217042953	eefed63b-8eeb-431b-bb50-63c25798ea83	1.5	3.25	75	17
eefed63b-8eeb-431b-bb50-63c25798ea83	3.42271367128599	eefed63b-8eeb-431b-bb50-63c25798ea83	1.5	3.25	100	17
64c7b186-de40-4cad-a1f6-dffe7142c990	3.37094400925373	9ced877c-497e-45b6-9549-562c758e00fa	1	5	100	17
9ced877c-497e-45b6-9549-562c758e00fa	3.33459987383459	9ced877c-497e-45b6-9549-562c758e00fa	1	5	100	17
a41e2539-2194-4da3-8618-b1f5c7410576	3.25909560023666	f13bb7bb-9260-4400-affa-377c7236cda2	3.25	3.75	75	17
20c132ad-0c7c-41bf-a35c-5a95fa87892a	2.98111997473127	f13bb7bb-9260-4400-affa-377c7236cda2	3.25	3.75	75	17
bc4301e9-9b45-4464-81af-2f180218a093	2.82225953884214	76a55b6c-21bd-4ce7-b9c7-dd3ae6340804	2	4.75	75	17
0793712a-8c2c-416b-9080-6c70e46664cb	2.79880889222664	0793712a-8c2c-416b-9080-6c70e46664cb	4.25	5	100	17
694a4a01-56e0-494a-b030-0d2757edb4c1	3.70603232120883	9ced877c-497e-45b6-9549-562c758e00fa	1	4.75	75	18
eefed63b-8eeb-431b-bb50-63c25798ea83	3.68185198083147	ff492b4b-9780-4b6a-8035-afafaf1a0b7b	1.75	4.75	75	18
64c7b186-de40-4cad-a1f6-dffe7142c990	3.62616274059747	9ced877c-497e-45b6-9549-562c758e00fa	1	4.75	100	18
9ced877c-497e-45b6-9549-562c758e00fa	3.5870669340941	9ced877c-497e-45b6-9549-562c758e00fa	1	4.75	100	18
a41e2539-2194-4da3-8618-b1f5c7410576	3.50584613272349	a41e2539-2194-4da3-8618-b1f5c7410576	3	5	100	18
20c132ad-0c7c-41bf-a35c-5a95fa87892a	3.20682459920895	c86f19a7-4709-4fee-a534-cbb721186c55	3.5	3.5	100	18
8d1e7ea2-26e3-4693-ac85-0c975dac9448	3.20033079474548	a41e2539-2194-4da3-8618-b1f5c7410576	3	5	75	18
8d1e7ea2-26e3-4693-ac85-0c975dac9448	3.20033079474548	debd54b6-d961-4098-9292-c51a80caefb2	2.5	5	75	18
debd54b6-d961-4098-9292-c51a80caefb2	3.07425757229349	debd54b6-d961-4098-9292-c51a80caefb2	2.5	5	100	18
bc4301e9-9b45-4464-81af-2f180218a093	3.03593662203275	debd54b6-d961-4098-9292-c51a80caefb2	2.5	5	75	18
694a4a01-56e0-494a-b030-0d2757edb4c1	3.41644997697412	694a4a01-56e0-494a-b030-0d2757edb4c1	1.25	5	100	19
694a4a01-56e0-494a-b030-0d2757edb4c1	3.41644997697412	eefed63b-8eeb-431b-bb50-63c25798ea83	1.5	4	75	19
eefed63b-8eeb-431b-bb50-63c25798ea83	3.39415900983332	694a4a01-56e0-494a-b030-0d2757edb4c1	1.25	5	75	19
eefed63b-8eeb-431b-bb50-63c25798ea83	3.39415900983332	eefed63b-8eeb-431b-bb50-63c25798ea83	1.5	4	100	19
64c7b186-de40-4cad-a1f6-dffe7142c990	3.34282124751199	694a4a01-56e0-494a-b030-0d2757edb4c1	1.25	5	75	19
9ced877c-497e-45b6-9549-562c758e00fa	3.30678031708183	694a4a01-56e0-494a-b030-0d2757edb4c1	1.25	5	75	19
bc4301e9-9b45-4464-81af-2f180218a093	2.79871428253924	21bb91af-fb89-4f9b-a2ac-be9e84807e6d	2	4.75	75	19
0793712a-8c2c-416b-9080-6c70e46664cb	2.7754592811471	0793712a-8c2c-416b-9080-6c70e46664cb	4.25	4.25	100	19
0793712a-8c2c-416b-9080-6c70e46664cb	2.7754592811471	d6169755-eb0d-4ffe-8b01-397bf3e48f8b	4.5	3.25	75	19
694a4a01-56e0-494a-b030-0d2757edb4c1	3.534054966572	9ced877c-497e-45b6-9549-562c758e00fa	1	5	75	20
64c7b186-de40-4cad-a1f6-dffe7142c990	3.4578917048678	9ced877c-497e-45b6-9549-562c758e00fa	1	5	100	20
9ced877c-497e-45b6-9549-562c758e00fa	3.42061011489911	9ced877c-497e-45b6-9549-562c758e00fa	1	5	100	20
a41e2539-2194-4da3-8618-b1f5c7410576	3.3431583591662	a41e2539-2194-4da3-8618-b1f5c7410576	3	5	100	20
a41e2539-2194-4da3-8618-b1f5c7410576	3.3431583591662	f13bb7bb-9260-4400-affa-377c7236cda2	3.25	4.25	75	20
20c132ad-0c7c-41bf-a35c-5a95fa87892a	3.05801283606444	f13bb7bb-9260-4400-affa-377c7236cda2	3.25	4.25	75	20
20c132ad-0c7c-41bf-a35c-5a95fa87892a	3.05801283606444	37b95289-ea7b-4686-b2d2-7ab47fe22aec	3.75	3.75	75	20
8d1e7ea2-26e3-4693-ac85-0c975dac9448	3.05182038134182	a41e2539-2194-4da3-8618-b1f5c7410576	3	5	75	20
0793712a-8c2c-416b-9080-6c70e46664cb	2.87099936116984	d6169755-eb0d-4ffe-8b01-397bf3e48f8b	4.5	3	75	20
694a4a01-56e0-494a-b030-0d2757edb4c1	2.91046300352796	9ced877c-497e-45b6-9549-562c758e00fa	1	4.75	75	21
64c7b186-de40-4cad-a1f6-dffe7142c990	2.84773892340993	9ced877c-497e-45b6-9549-562c758e00fa	1	4.75	100	21
9ced877c-497e-45b6-9549-562c758e00fa	2.8170357696331	9ced877c-497e-45b6-9549-562c758e00fa	1	4.75	100	21
a41e2539-2194-4da3-8618-b1f5c7410576	2.75325053458	68171ad7-2b47-4d86-b0bc-1cd6ad9b6cba	2.75	4	75	21
8d1e7ea2-26e3-4693-ac85-0c975dac9448	2.51331979483685	68171ad7-2b47-4d86-b0bc-1cd6ad9b6cba	2.75	4	100	21
debd54b6-d961-4098-9292-c51a80caefb2	2.41431054814586	686509c1-fdca-4255-95fa-005b4947a0d1	2.25	2.5	75	21
debd54b6-d961-4098-9292-c51a80caefb2	2.41431054814586	68171ad7-2b47-4d86-b0bc-1cd6ad9b6cba	2.75	4	75	21
bc4301e9-9b45-4464-81af-2f180218a093	2.38421590962601	686509c1-fdca-4255-95fa-005b4947a0d1	2.25	2.5	100	21
0793712a-8c2c-416b-9080-6c70e46664cb	2.36440504504894	b47e7d4f-b0ca-48f0-97c5-cf61fe21295b	4.5	2.75	75	21
694a4a01-56e0-494a-b030-0d2757edb4c1	4.60077685472753	64c7b186-de40-4cad-a1f6-dffe7142c990	1	5	75	22
694a4a01-56e0-494a-b030-0d2757edb4c1	4.60077685472753	61fdf88b-1db1-463f-baeb-848a9a1f815d	1.5	4.75	75	22
694a4a01-56e0-494a-b030-0d2757edb4c1	4.60077685472753	694a4a01-56e0-494a-b030-0d2757edb4c1	1.25	5	100	22
694a4a01-56e0-494a-b030-0d2757edb4c1	4.60077685472753	9ced877c-497e-45b6-9549-562c758e00fa	1	5	75	22
694a4a01-56e0-494a-b030-0d2757edb4c1	4.60077685472753	75291c0b-2d30-401a-b568-6147335d88a5	1	5	75	22
694a4a01-56e0-494a-b030-0d2757edb4c1	4.60077685472753	eefed63b-8eeb-431b-bb50-63c25798ea83	1.5	4	75	22
eefed63b-8eeb-431b-bb50-63c25798ea83	4.57075862651023	61fdf88b-1db1-463f-baeb-848a9a1f815d	1.5	4.75	100	22
eefed63b-8eeb-431b-bb50-63c25798ea83	4.57075862651023	3b947680-2625-4e70-a715-5acf8491b309	1.75	5	75	22
eefed63b-8eeb-431b-bb50-63c25798ea83	4.57075862651023	694a4a01-56e0-494a-b030-0d2757edb4c1	1.25	5	75	22
eefed63b-8eeb-431b-bb50-63c25798ea83	4.57075862651023	ff492b4b-9780-4b6a-8035-afafaf1a0b7b	1.75	4.25	75	22
eefed63b-8eeb-431b-bb50-63c25798ea83	4.57075862651023	eefed63b-8eeb-431b-bb50-63c25798ea83	1.5	4	100	22
64c7b186-de40-4cad-a1f6-dffe7142c990	4.50162441391435	64c7b186-de40-4cad-a1f6-dffe7142c990	1	5	100	22
64c7b186-de40-4cad-a1f6-dffe7142c990	4.50162441391435	694a4a01-56e0-494a-b030-0d2757edb4c1	1.25	5	75	22
64c7b186-de40-4cad-a1f6-dffe7142c990	4.50162441391435	9ced877c-497e-45b6-9549-562c758e00fa	1	5	100	22
64c7b186-de40-4cad-a1f6-dffe7142c990	4.50162441391435	75291c0b-2d30-401a-b568-6147335d88a5	1	5	100	22
9ced877c-497e-45b6-9549-562c758e00fa	4.45308974383691	64c7b186-de40-4cad-a1f6-dffe7142c990	1	5	100	22
9ced877c-497e-45b6-9549-562c758e00fa	4.45308974383691	694a4a01-56e0-494a-b030-0d2757edb4c1	1.25	5	75	22
9ced877c-497e-45b6-9549-562c758e00fa	4.45308974383691	9ced877c-497e-45b6-9549-562c758e00fa	1	5	100	22
9ced877c-497e-45b6-9549-562c758e00fa	4.45308974383691	75291c0b-2d30-401a-b568-6147335d88a5	1	5	100	22
a41e2539-2194-4da3-8618-b1f5c7410576	4.35225986660192	68171ad7-2b47-4d86-b0bc-1cd6ad9b6cba	2.75	4	75	22
a41e2539-2194-4da3-8618-b1f5c7410576	4.35225986660192	a41e2539-2194-4da3-8618-b1f5c7410576	3	5	100	22
a41e2539-2194-4da3-8618-b1f5c7410576	4.35225986660192	f73b79c3-6390-4cdb-a96a-0a2fae700005	3.25	1.5	75	22
a41e2539-2194-4da3-8618-b1f5c7410576	4.35225986660192	f13bb7bb-9260-4400-affa-377c7236cda2	3.25	4.5	75	22
a41e2539-2194-4da3-8618-b1f5c7410576	4.35225986660192	86f75337-2fd7-4ef8-9c35-e1035f5482e4	2.75	4	75	22
a41e2539-2194-4da3-8618-b1f5c7410576	4.35225986660192	8d1e7ea2-26e3-4693-ac85-0c975dac9448	2.75	4.75	75	22
20c132ad-0c7c-41bf-a35c-5a95fa87892a	3.98104579257422	52d5d688-98d5-455a-97d8-40e74216ec3f	3.75	3	75	22
20c132ad-0c7c-41bf-a35c-5a95fa87892a	3.98104579257422	f73b79c3-6390-4cdb-a96a-0a2fae700005	3.25	1.5	75	22
20c132ad-0c7c-41bf-a35c-5a95fa87892a	3.98104579257422	f13bb7bb-9260-4400-affa-377c7236cda2	3.25	4.5	75	22
20c132ad-0c7c-41bf-a35c-5a95fa87892a	3.98104579257422	20c132ad-0c7c-41bf-a35c-5a95fa87892a	3.5	2.75	100	22
20c132ad-0c7c-41bf-a35c-5a95fa87892a	3.98104579257422	37b95289-ea7b-4686-b2d2-7ab47fe22aec	3.75	3.5	75	22
20c132ad-0c7c-41bf-a35c-5a95fa87892a	3.98104579257422	c86f19a7-4709-4fee-a534-cbb721186c55	3.5	4	100	22
8d1e7ea2-26e3-4693-ac85-0c975dac9448	3.97298420047913	68171ad7-2b47-4d86-b0bc-1cd6ad9b6cba	2.75	4	100	22
8d1e7ea2-26e3-4693-ac85-0c975dac9448	3.97298420047913	a41e2539-2194-4da3-8618-b1f5c7410576	3	5	75	22
8d1e7ea2-26e3-4693-ac85-0c975dac9448	3.97298420047913	d86aef28-5ee7-4fd9-9a9b-de8cc06c4557	2.5	4.25	75	22
8d1e7ea2-26e3-4693-ac85-0c975dac9448	3.97298420047913	86f75337-2fd7-4ef8-9c35-e1035f5482e4	2.75	4	100	22
8d1e7ea2-26e3-4693-ac85-0c975dac9448	3.97298420047913	8d1e7ea2-26e3-4693-ac85-0c975dac9448	2.75	4.75	100	22
8d1e7ea2-26e3-4693-ac85-0c975dac9448	3.97298420047913	debd54b6-d961-4098-9292-c51a80caefb2	2.5	1	75	22
debd54b6-d961-4098-9292-c51a80caefb2	3.81647320818465	686509c1-fdca-4255-95fa-005b4947a0d1	2.25	3.75	75	22
debd54b6-d961-4098-9292-c51a80caefb2	3.81647320818465	68171ad7-2b47-4d86-b0bc-1cd6ad9b6cba	2.75	4	75	22
debd54b6-d961-4098-9292-c51a80caefb2	3.81647320818465	bc4301e9-9b45-4464-81af-2f180218a093	2.25	5	75	22
debd54b6-d961-4098-9292-c51a80caefb2	3.81647320818465	d86aef28-5ee7-4fd9-9a9b-de8cc06c4557	2.5	4.25	100	22
debd54b6-d961-4098-9292-c51a80caefb2	3.81647320818465	86f75337-2fd7-4ef8-9c35-e1035f5482e4	2.75	4	75	22
debd54b6-d961-4098-9292-c51a80caefb2	3.81647320818465	534235e5-91a6-4d11-b984-96ff5932c823	2.25	2.75	75	22
debd54b6-d961-4098-9292-c51a80caefb2	3.81647320818465	79d48cba-971b-453e-8c5c-8c2bcade78a0	2.25	3.75	75	22
debd54b6-d961-4098-9292-c51a80caefb2	3.81647320818465	8d1e7ea2-26e3-4693-ac85-0c975dac9448	2.75	4.75	75	22
debd54b6-d961-4098-9292-c51a80caefb2	3.81647320818465	debd54b6-d961-4098-9292-c51a80caefb2	2.5	1	100	22
bc4301e9-9b45-4464-81af-2f180218a093	3.76890046184984	686509c1-fdca-4255-95fa-005b4947a0d1	2.25	3.75	100	22
bc4301e9-9b45-4464-81af-2f180218a093	3.76890046184984	bc4301e9-9b45-4464-81af-2f180218a093	2.25	5	100	22
bc4301e9-9b45-4464-81af-2f180218a093	3.76890046184984	21bb91af-fb89-4f9b-a2ac-be9e84807e6d	2	3	75	22
bc4301e9-9b45-4464-81af-2f180218a093	3.76890046184984	d86aef28-5ee7-4fd9-9a9b-de8cc06c4557	2.5	4.25	75	22
bc4301e9-9b45-4464-81af-2f180218a093	3.76890046184984	534235e5-91a6-4d11-b984-96ff5932c823	2.25	2.75	100	22
bc4301e9-9b45-4464-81af-2f180218a093	3.76890046184984	79d48cba-971b-453e-8c5c-8c2bcade78a0	2.25	3.75	100	22
bc4301e9-9b45-4464-81af-2f180218a093	3.76890046184984	76a55b6c-21bd-4ce7-b9c7-dd3ae6340804	2	5	75	22
bc4301e9-9b45-4464-81af-2f180218a093	3.76890046184984	debd54b6-d961-4098-9292-c51a80caefb2	2.5	1	75	22
0793712a-8c2c-416b-9080-6c70e46664cb	3.73758401454303	b47e7d4f-b0ca-48f0-97c5-cf61fe21295b	4.5	1	75	22
0793712a-8c2c-416b-9080-6c70e46664cb	3.73758401454303	0793712a-8c2c-416b-9080-6c70e46664cb	4.25	3.25	100	22
0793712a-8c2c-416b-9080-6c70e46664cb	3.73758401454303	d6169755-eb0d-4ffe-8b01-397bf3e48f8b	4.5	2.75	75	22
694a4a01-56e0-494a-b030-0d2757edb4c1	3.25922574712617	64c7b186-de40-4cad-a1f6-dffe7142c990	1	5	75	23
64c7b186-de40-4cad-a1f6-dffe7142c990	3.18898539428215	64c7b186-de40-4cad-a1f6-dffe7142c990	1	5	100	23
9ced877c-497e-45b6-9549-562c758e00fa	3.154603058887	64c7b186-de40-4cad-a1f6-dffe7142c990	1	5	100	23
a41e2539-2194-4da3-8618-b1f5c7410576	3.08317439867788	f13bb7bb-9260-4400-affa-377c7236cda2	3.25	3	75	23
a41e2539-2194-4da3-8618-b1f5c7410576	3.08317439867788	86f75337-2fd7-4ef8-9c35-e1035f5482e4	2.75	3.75	75	23
20c132ad-0c7c-41bf-a35c-5a95fa87892a	2.82020349070566	f13bb7bb-9260-4400-affa-377c7236cda2	3.25	3	75	23
8d1e7ea2-26e3-4693-ac85-0c975dac9448	2.81449259690942	86f75337-2fd7-4ef8-9c35-e1035f5482e4	2.75	3.75	100	23
debd54b6-d961-4098-9292-c51a80caefb2	2.70361900514423	686509c1-fdca-4255-95fa-005b4947a0d1	2.25	3.5	75	23
debd54b6-d961-4098-9292-c51a80caefb2	2.70361900514423	86f75337-2fd7-4ef8-9c35-e1035f5482e4	2.75	3.75	75	23
debd54b6-d961-4098-9292-c51a80caefb2	2.70361900514423	79d48cba-971b-453e-8c5c-8c2bcade78a0	2.25	4.5	75	23
bc4301e9-9b45-4464-81af-2f180218a093	2.66991810507299	686509c1-fdca-4255-95fa-005b4947a0d1	2.25	3.5	100	23
bc4301e9-9b45-4464-81af-2f180218a093	2.66991810507299	79d48cba-971b-453e-8c5c-8c2bcade78a0	2.25	4.5	100	23
694a4a01-56e0-494a-b030-0d2757edb4c1	3.72872800468883	64c7b186-de40-4cad-a1f6-dffe7142c990	1	5	75	24
694a4a01-56e0-494a-b030-0d2757edb4c1	3.72872800468883	9ced877c-497e-45b6-9549-562c758e00fa	1	5	75	24
eefed63b-8eeb-431b-bb50-63c25798ea83	3.70439953850256	3b947680-2625-4e70-a715-5acf8491b309	1.75	4.75	75	24
64c7b186-de40-4cad-a1f6-dffe7142c990	3.64836929788987	64c7b186-de40-4cad-a1f6-dffe7142c990	1	5	100	24
64c7b186-de40-4cad-a1f6-dffe7142c990	3.64836929788987	9ced877c-497e-45b6-9549-562c758e00fa	1	5	100	24
9ced877c-497e-45b6-9549-562c758e00fa	3.60903407698665	64c7b186-de40-4cad-a1f6-dffe7142c990	1	5	100	24
9ced877c-497e-45b6-9549-562c758e00fa	3.60903407698665	9ced877c-497e-45b6-9549-562c758e00fa	1	5	100	24
debd54b6-d961-4098-9292-c51a80caefb2	3.09308427579141	bc4301e9-9b45-4464-81af-2f180218a093	2.25	4.75	75	24
bc4301e9-9b45-4464-81af-2f180218a093	3.05452864747789	bc4301e9-9b45-4464-81af-2f180218a093	2.25	4.75	100	24
694a4a01-56e0-494a-b030-0d2757edb4c1	3.80314771198727	eefed63b-8eeb-431b-bb50-63c25798ea83	1.5	5	75	25
eefed63b-8eeb-431b-bb50-63c25798ea83	3.778333696651	3b947680-2625-4e70-a715-5acf8491b309	1.75	4	75	25
eefed63b-8eeb-431b-bb50-63c25798ea83	3.778333696651	eefed63b-8eeb-431b-bb50-63c25798ea83	1.5	5	100	25
20c132ad-0c7c-41bf-a35c-5a95fa87892a	3.2908584073646	c86f19a7-4709-4fee-a534-cbb721186c55	3.5	4.5	100	25
debd54b6-d961-4098-9292-c51a80caefb2	3.15481750370715	bc4301e9-9b45-4464-81af-2f180218a093	2.25	5	75	25
bc4301e9-9b45-4464-81af-2f180218a093	3.11549236641983	bc4301e9-9b45-4464-81af-2f180218a093	2.25	5	100	25
694a4a01-56e0-494a-b030-0d2757edb4c1	2.97149893811466	eefed63b-8eeb-431b-bb50-63c25798ea83	1.5	5	75	26
eefed63b-8eeb-431b-bb50-63c25798ea83	2.95211109268239	eefed63b-8eeb-431b-bb50-63c25798ea83	1.5	5	100	26
8d1e7ea2-26e3-4693-ac85-0c975dac9448	2.56602715084199	d86aef28-5ee7-4fd9-9a9b-de8cc06c4557	2.5	4.25	75	26
8d1e7ea2-26e3-4693-ac85-0c975dac9448	2.56602715084199	debd54b6-d961-4098-9292-c51a80caefb2	2.5	3	75	26
debd54b6-d961-4098-9292-c51a80caefb2	2.4649415608469	d86aef28-5ee7-4fd9-9a9b-de8cc06c4557	2.5	4.25	100	26
debd54b6-d961-4098-9292-c51a80caefb2	2.4649415608469	debd54b6-d961-4098-9292-c51a80caefb2	2.5	3	100	26
bc4301e9-9b45-4464-81af-2f180218a093	2.43421579915505	d86aef28-5ee7-4fd9-9a9b-de8cc06c4557	2.5	4.25	75	26
bc4301e9-9b45-4464-81af-2f180218a093	2.43421579915505	debd54b6-d961-4098-9292-c51a80caefb2	2.5	3	75	26
0793712a-8c2c-416b-9080-6c70e46664cb	2.41398947763414	0793712a-8c2c-416b-9080-6c70e46664cb	4.25	3.5	100	26
694a4a01-56e0-494a-b030-0d2757edb4c1	3.63420017365516	694a4a01-56e0-494a-b030-0d2757edb4c1	1.25	5	100	27
eefed63b-8eeb-431b-bb50-63c25798ea83	3.61048847402076	694a4a01-56e0-494a-b030-0d2757edb4c1	1.25	5	75	27
64c7b186-de40-4cad-a1f6-dffe7142c990	3.5558786575086	694a4a01-56e0-494a-b030-0d2757edb4c1	1.25	5	75	27
9ced877c-497e-45b6-9549-562c758e00fa	3.51754062914359	694a4a01-56e0-494a-b030-0d2757edb4c1	1.25	5	75	27
a41e2539-2194-4da3-8618-b1f5c7410576	3.43789409043077	86f75337-2fd7-4ef8-9c35-e1035f5482e4	2.75	3	75	27
a41e2539-2194-4da3-8618-b1f5c7410576	3.43789409043077	8d1e7ea2-26e3-4693-ac85-0c975dac9448	2.75	5	75	27
8d1e7ea2-26e3-4693-ac85-0c975dac9448	3.13830040565329	86f75337-2fd7-4ef8-9c35-e1035f5482e4	2.75	3	100	27
8d1e7ea2-26e3-4693-ac85-0c975dac9448	3.13830040565329	8d1e7ea2-26e3-4693-ac85-0c975dac9448	2.75	5	100	27
8d1e7ea2-26e3-4693-ac85-0c975dac9448	3.13830040565329	debd54b6-d961-4098-9292-c51a80caefb2	2.5	5	75	27
debd54b6-d961-4098-9292-c51a80caefb2	3.01467079008336	86f75337-2fd7-4ef8-9c35-e1035f5482e4	2.75	3	75	27
debd54b6-d961-4098-9292-c51a80caefb2	3.01467079008336	8d1e7ea2-26e3-4693-ac85-0c975dac9448	2.75	5	75	27
debd54b6-d961-4098-9292-c51a80caefb2	3.01467079008336	debd54b6-d961-4098-9292-c51a80caefb2	2.5	5	100	27
bc4301e9-9b45-4464-81af-2f180218a093	2.97709259627054	debd54b6-d961-4098-9292-c51a80caefb2	2.5	5	75	27
0793712a-8c2c-416b-9080-6c70e46664cb	2.95235541807351	0793712a-8c2c-416b-9080-6c70e46664cb	4.25	4.75	100	27
694a4a01-56e0-494a-b030-0d2757edb4c1	3.46749169306659	64c7b186-de40-4cad-a1f6-dffe7142c990	1	5	75	28
64c7b186-de40-4cad-a1f6-dffe7142c990	3.39276295240624	64c7b186-de40-4cad-a1f6-dffe7142c990	1	5	100	28
9ced877c-497e-45b6-9549-562c758e00fa	3.35618357084581	64c7b186-de40-4cad-a1f6-dffe7142c990	1	5	100	28
a41e2539-2194-4da3-8618-b1f5c7410576	3.2801905874175	68171ad7-2b47-4d86-b0bc-1cd6ad9b6cba	2.75	5	75	28
a41e2539-2194-4da3-8618-b1f5c7410576	3.2801905874175	f13bb7bb-9260-4400-affa-377c7236cda2	3.25	4	75	28
20c132ad-0c7c-41bf-a35c-5a95fa87892a	3.00041572440009	f13bb7bb-9260-4400-affa-377c7236cda2	3.25	4	75	28
8d1e7ea2-26e3-4693-ac85-0c975dac9448	2.99433990182988	68171ad7-2b47-4d86-b0bc-1cd6ad9b6cba	2.75	5	100	28
debd54b6-d961-4098-9292-c51a80caefb2	2.87638143950807	68171ad7-2b47-4d86-b0bc-1cd6ad9b6cba	2.75	5	75	28
0793712a-8c2c-416b-9080-6c70e46664cb	2.81692460625946	0793712a-8c2c-416b-9080-6c70e46664cb	4.25	4.5	100	28
694a4a01-56e0-494a-b030-0d2757edb4c1	3.36048816950866	694a4a01-56e0-494a-b030-0d2757edb4c1	1.25	5	100	29
eefed63b-8eeb-431b-bb50-63c25798ea83	3.33856233109899	694a4a01-56e0-494a-b030-0d2757edb4c1	1.25	5	75	29
64c7b186-de40-4cad-a1f6-dffe7142c990	3.28806548599315	694a4a01-56e0-494a-b030-0d2757edb4c1	1.25	5	75	29
9ced877c-497e-45b6-9549-562c758e00fa	3.25261491000342	694a4a01-56e0-494a-b030-0d2757edb4c1	1.25	5	75	29
bc4301e9-9b45-4464-81af-2f180218a093	2.75287105036087	76a55b6c-21bd-4ce7-b9c7-dd3ae6340804	2	4.75	75	29
0793712a-8c2c-416b-9080-6c70e46664cb	2.72999696781326	b47e7d4f-b0ca-48f0-97c5-cf61fe21295b	4.5	2.25	75	29
eefed63b-8eeb-431b-bb50-63c25798ea83	2.76942942767037	3b947680-2625-4e70-a715-5acf8491b309	1.75	3.5	75	30
a41e2539-2194-4da3-8618-b1f5c7410576	2.63704072532895	a41e2539-2194-4da3-8618-b1f5c7410576	3	5	100	30
a41e2539-2194-4da3-8618-b1f5c7410576	2.63704072532895	86f75337-2fd7-4ef8-9c35-e1035f5482e4	2.75	2.5	75	30
20c132ad-0c7c-41bf-a35c-5a95fa87892a	2.41212156655067	c86f19a7-4709-4fee-a534-cbb721186c55	3.5	2.5	100	30
8d1e7ea2-26e3-4693-ac85-0c975dac9448	2.40723703957581	a41e2539-2194-4da3-8618-b1f5c7410576	3	5	75	30
8d1e7ea2-26e3-4693-ac85-0c975dac9448	2.40723703957581	86f75337-2fd7-4ef8-9c35-e1035f5482e4	2.75	2.5	100	30
debd54b6-d961-4098-9292-c51a80caefb2	2.31240679189739	86f75337-2fd7-4ef8-9c35-e1035f5482e4	2.75	2.5	75	30
0793712a-8c2c-416b-9080-6c70e46664cb	2.26460771432974	b47e7d4f-b0ca-48f0-97c5-cf61fe21295b	4.5	3	75	30
694a4a01-56e0-494a-b030-0d2757edb4c1	3.16555624839636	61fdf88b-1db1-463f-baeb-848a9a1f815d	1.5	4.25	75	31
eefed63b-8eeb-431b-bb50-63c25798ea83	3.14490225287575	61fdf88b-1db1-463f-baeb-848a9a1f815d	1.5	4.25	100	31
eefed63b-8eeb-431b-bb50-63c25798ea83	3.14490225287575	3b947680-2625-4e70-a715-5acf8491b309	1.75	3.25	75	31
a41e2539-2194-4da3-8618-b1f5c7410576	2.99456458463487	a41e2539-2194-4da3-8618-b1f5c7410576	3	4.25	100	31
a41e2539-2194-4da3-8618-b1f5c7410576	2.99456458463487	f73b79c3-6390-4cdb-a96a-0a2fae700005	3.25	2.5	75	31
a41e2539-2194-4da3-8618-b1f5c7410576	2.99456458463487	8d1e7ea2-26e3-4693-ac85-0c975dac9448	2.75	4.75	75	31
20c132ad-0c7c-41bf-a35c-5a95fa87892a	2.73915140163611	f73b79c3-6390-4cdb-a96a-0a2fae700005	3.25	2.5	75	31
8d1e7ea2-26e3-4693-ac85-0c975dac9448	2.73360464841523	a41e2539-2194-4da3-8618-b1f5c7410576	3	4.25	75	31
8d1e7ea2-26e3-4693-ac85-0c975dac9448	2.73360464841523	8d1e7ea2-26e3-4693-ac85-0c975dac9448	2.75	4.75	100	31
debd54b6-d961-4098-9292-c51a80caefb2	2.62591755521755	8d1e7ea2-26e3-4693-ac85-0c975dac9448	2.75	4.75	75	31
694a4a01-56e0-494a-b030-0d2757edb4c1	3.72337498180386	694a4a01-56e0-494a-b030-0d2757edb4c1	1.25	5	100	32
eefed63b-8eeb-431b-bb50-63c25798ea83	3.69908147022825	694a4a01-56e0-494a-b030-0d2757edb4c1	1.25	5	75	32
64c7b186-de40-4cad-a1f6-dffe7142c990	3.64313164987469	694a4a01-56e0-494a-b030-0d2757edb4c1	1.25	5	75	32
9ced877c-497e-45b6-9549-562c758e00fa	3.60385289611626	694a4a01-56e0-494a-b030-0d2757edb4c1	1.25	5	75	32
a41e2539-2194-4da3-8618-b1f5c7410576	3.5222520098352	a41e2539-2194-4da3-8618-b1f5c7410576	3	5	100	32
8d1e7ea2-26e3-4693-ac85-0c975dac9448	3.21530699550866	a41e2539-2194-4da3-8618-b1f5c7410576	3	5	75	32
8d1e7ea2-26e3-4693-ac85-0c975dac9448	3.21530699550866	debd54b6-d961-4098-9292-c51a80caefb2	2.5	5	75	32
debd54b6-d961-4098-9292-c51a80caefb2	3.08864379749692	686509c1-fdca-4255-95fa-005b4947a0d1	2.25	4.5	75	32
debd54b6-d961-4098-9292-c51a80caefb2	3.08864379749692	debd54b6-d961-4098-9292-c51a80caefb2	2.5	5	100	32
bc4301e9-9b45-4464-81af-2f180218a093	3.05014351920226	686509c1-fdca-4255-95fa-005b4947a0d1	2.25	4.5	100	32
bc4301e9-9b45-4464-81af-2f180218a093	3.05014351920226	debd54b6-d961-4098-9292-c51a80caefb2	2.5	5	75	32
0793712a-8c2c-416b-9080-6c70e46664cb	3.02479935094317	b47e7d4f-b0ca-48f0-97c5-cf61fe21295b	4.5	3.5	75	32
694a4a01-56e0-494a-b030-0d2757edb4c1	3.62916013179157	694a4a01-56e0-494a-b030-0d2757edb4c1	1.25	5	100	33
694a4a01-56e0-494a-b030-0d2757edb4c1	3.62916013179157	eefed63b-8eeb-431b-bb50-63c25798ea83	1.5	5	75	33
eefed63b-8eeb-431b-bb50-63c25798ea83	3.60548131684095	694a4a01-56e0-494a-b030-0d2757edb4c1	1.25	5	75	33
eefed63b-8eeb-431b-bb50-63c25798ea83	3.60548131684095	ff492b4b-9780-4b6a-8035-afafaf1a0b7b	1.75	4.75	75	33
eefed63b-8eeb-431b-bb50-63c25798ea83	3.60548131684095	eefed63b-8eeb-431b-bb50-63c25798ea83	1.5	5	100	33
64c7b186-de40-4cad-a1f6-dffe7142c990	3.55094723679481	694a4a01-56e0-494a-b030-0d2757edb4c1	1.25	5	75	33
9ced877c-497e-45b6-9549-562c758e00fa	3.51266237517373	694a4a01-56e0-494a-b030-0d2757edb4c1	1.25	5	75	33
0793712a-8c2c-416b-9080-6c70e46664cb	2.94826098266515	0793712a-8c2c-416b-9080-6c70e46664cb	4.25	4.25	100	33
0793712a-8c2c-416b-9080-6c70e46664cb	2.94826098266515	d6169755-eb0d-4ffe-8b01-397bf3e48f8b	4.5	3.5	75	33
eefed63b-8eeb-431b-bb50-63c25798ea83	3.37865908880268	ff492b4b-9780-4b6a-8035-afafaf1a0b7b	1.75	5	75	34
8d1e7ea2-26e3-4693-ac85-0c975dac9448	2.93679021250275	d86aef28-5ee7-4fd9-9a9b-de8cc06c4557	2.5	3.75	75	34
debd54b6-d961-4098-9292-c51a80caefb2	2.82109885018785	686509c1-fdca-4255-95fa-005b4947a0d1	2.25	5	75	34
debd54b6-d961-4098-9292-c51a80caefb2	2.82109885018785	d86aef28-5ee7-4fd9-9a9b-de8cc06c4557	2.5	3.75	100	34
bc4301e9-9b45-4464-81af-2f180218a093	2.7859335531394	686509c1-fdca-4255-95fa-005b4947a0d1	2.25	5	100	34
bc4301e9-9b45-4464-81af-2f180218a093	2.7859335531394	d86aef28-5ee7-4fd9-9a9b-de8cc06c4557	2.5	3.75	75	34
a41e2539-2194-4da3-8618-b1f5c7410576	3.36482394146581	68171ad7-2b47-4d86-b0bc-1cd6ad9b6cba	2.75	3.75	75	35
a41e2539-2194-4da3-8618-b1f5c7410576	3.36482394146581	a41e2539-2194-4da3-8618-b1f5c7410576	3	4.75	100	35
20c132ad-0c7c-41bf-a35c-5a95fa87892a	3.07783050740939	20c132ad-0c7c-41bf-a35c-5a95fa87892a	3.5	5	100	35
8d1e7ea2-26e3-4693-ac85-0c975dac9448	3.07159792083241	68171ad7-2b47-4d86-b0bc-1cd6ad9b6cba	2.75	3.75	100	35
8d1e7ea2-26e3-4693-ac85-0c975dac9448	3.07159792083241	a41e2539-2194-4da3-8618-b1f5c7410576	3	4.75	75	35
8d1e7ea2-26e3-4693-ac85-0c975dac9448	3.07159792083241	debd54b6-d961-4098-9292-c51a80caefb2	2.5	4.75	75	35
debd54b6-d961-4098-9292-c51a80caefb2	2.95059597058086	68171ad7-2b47-4d86-b0bc-1cd6ad9b6cba	2.75	3.75	75	35
debd54b6-d961-4098-9292-c51a80caefb2	2.95059597058086	debd54b6-d961-4098-9292-c51a80caefb2	2.5	4.75	100	35
bc4301e9-9b45-4464-81af-2f180218a093	2.91381647605071	debd54b6-d961-4098-9292-c51a80caefb2	2.5	4.75	75	35
0793712a-8c2c-416b-9080-6c70e46664cb	2.8896050702477	d6169755-eb0d-4ffe-8b01-397bf3e48f8b	4.5	3	75	35
694a4a01-56e0-494a-b030-0d2757edb4c1	3.75316414138431	64c7b186-de40-4cad-a1f6-dffe7142c990	1	5	75	36
694a4a01-56e0-494a-b030-0d2757edb4c1	3.75316414138431	694a4a01-56e0-494a-b030-0d2757edb4c1	1.25	5	100	36
694a4a01-56e0-494a-b030-0d2757edb4c1	3.75316414138431	eefed63b-8eeb-431b-bb50-63c25798ea83	1.5	5	75	36
eefed63b-8eeb-431b-bb50-63c25798ea83	3.72867624973167	694a4a01-56e0-494a-b030-0d2757edb4c1	1.25	5	75	36
eefed63b-8eeb-431b-bb50-63c25798ea83	3.72867624973167	ff492b4b-9780-4b6a-8035-afafaf1a0b7b	1.75	4.75	75	36
eefed63b-8eeb-431b-bb50-63c25798ea83	3.72867624973167	eefed63b-8eeb-431b-bb50-63c25798ea83	1.5	5	100	36
64c7b186-de40-4cad-a1f6-dffe7142c990	3.67227880442381	64c7b186-de40-4cad-a1f6-dffe7142c990	1	5	100	36
64c7b186-de40-4cad-a1f6-dffe7142c990	3.67227880442381	694a4a01-56e0-494a-b030-0d2757edb4c1	1.25	5	75	36
9ced877c-497e-45b6-9549-562c758e00fa	3.63268579750467	64c7b186-de40-4cad-a1f6-dffe7142c990	1	5	100	36
9ced877c-497e-45b6-9549-562c758e00fa	3.63268579750467	694a4a01-56e0-494a-b030-0d2757edb4c1	1.25	5	75	36
a41e2539-2194-4da3-8618-b1f5c7410576	3.55043206367542	a41e2539-2194-4da3-8618-b1f5c7410576	3	4.75	100	36
8d1e7ea2-26e3-4693-ac85-0c975dac9448	3.241031309477	a41e2539-2194-4da3-8618-b1f5c7410576	3	4.75	75	36
eefed63b-8eeb-431b-bb50-63c25798ea83	3.57499826713764	ff492b4b-9780-4b6a-8035-afafaf1a0b7b	1.75	5	75	37
a41e2539-2194-4da3-8618-b1f5c7410576	3.40410043651287	f13bb7bb-9260-4400-affa-377c7236cda2	3.25	4	75	37
20c132ad-0c7c-41bf-a35c-5a95fa87892a	3.11375702352715	f13bb7bb-9260-4400-affa-377c7236cda2	3.25	4	75	37
20c132ad-0c7c-41bf-a35c-5a95fa87892a	3.11375702352715	20c132ad-0c7c-41bf-a35c-5a95fa87892a	3.5	3.75	100	37
8d1e7ea2-26e3-4693-ac85-0c975dac9448	3.10745168523801	debd54b6-d961-4098-9292-c51a80caefb2	2.5	4.5	75	37
debd54b6-d961-4098-9292-c51a80caefb2	2.98503731546588	debd54b6-d961-4098-9292-c51a80caefb2	2.5	4.5	100	37
bc4301e9-9b45-4464-81af-2f180218a093	2.94782850541546	debd54b6-d961-4098-9292-c51a80caefb2	2.5	4.5	75	37
0793712a-8c2c-416b-9080-6c70e46664cb	2.92333449156364	b47e7d4f-b0ca-48f0-97c5-cf61fe21295b	4.5	4.75	75	37
694a4a01-56e0-494a-b030-0d2757edb4c1	3.53693577214208	eefed63b-8eeb-431b-bb50-63c25798ea83	1.5	5	75	38
eefed63b-8eeb-431b-bb50-63c25798ea83	3.51385868370037	eefed63b-8eeb-431b-bb50-63c25798ea83	1.5	5	100	38
20c132ad-0c7c-41bf-a35c-5a95fa87892a	3.06050558726581	52d5d688-98d5-455a-97d8-40e74216ec3f	3.75	3.75	75	38
20c132ad-0c7c-41bf-a35c-5a95fa87892a	3.06050558726581	20c132ad-0c7c-41bf-a35c-5a95fa87892a	3.5	4.5	100	38
debd54b6-d961-4098-9292-c51a80caefb2	2.93398724584673	bc4301e9-9b45-4464-81af-2f180218a093	2.25	4	75	38
debd54b6-d961-4098-9292-c51a80caefb2	2.93398724584673	534235e5-91a6-4d11-b984-96ff5932c823	2.25	4.5	75	38
bc4301e9-9b45-4464-81af-2f180218a093	2.89741478111631	bc4301e9-9b45-4464-81af-2f180218a093	2.25	4	100	38
bc4301e9-9b45-4464-81af-2f180218a093	2.89741478111631	534235e5-91a6-4d11-b984-96ff5932c823	2.25	4.5	100	38
694a4a01-56e0-494a-b030-0d2757edb4c1	3.33979564820804	64c7b186-de40-4cad-a1f6-dffe7142c990	1	5	75	39
694a4a01-56e0-494a-b030-0d2757edb4c1	3.33979564820804	694a4a01-56e0-494a-b030-0d2757edb4c1	1.25	4.5	100	39
eefed63b-8eeb-431b-bb50-63c25798ea83	3.31800482185257	694a4a01-56e0-494a-b030-0d2757edb4c1	1.25	4.5	75	39
64c7b186-de40-4cad-a1f6-dffe7142c990	3.26781891560694	64c7b186-de40-4cad-a1f6-dffe7142c990	1	5	100	39
64c7b186-de40-4cad-a1f6-dffe7142c990	3.26781891560694	694a4a01-56e0-494a-b030-0d2757edb4c1	1.25	4.5	75	39
9ced877c-497e-45b6-9549-562c758e00fa	3.23258662795655	64c7b186-de40-4cad-a1f6-dffe7142c990	1	5	100	39
9ced877c-497e-45b6-9549-562c758e00fa	3.23258662795655	694a4a01-56e0-494a-b030-0d2757edb4c1	1.25	4.5	75	39
a41e2539-2194-4da3-8618-b1f5c7410576	3.15939221154757	86f75337-2fd7-4ef8-9c35-e1035f5482e4	2.75	4.25	75	39
8d1e7ea2-26e3-4693-ac85-0c975dac9448	2.88406844396297	d86aef28-5ee7-4fd9-9a9b-de8cc06c4557	2.5	2	75	39
8d1e7ea2-26e3-4693-ac85-0c975dac9448	2.88406844396297	86f75337-2fd7-4ef8-9c35-e1035f5482e4	2.75	4.25	100	39
debd54b6-d961-4098-9292-c51a80caefb2	2.77045399452082	d86aef28-5ee7-4fd9-9a9b-de8cc06c4557	2.5	2	100	39
debd54b6-d961-4098-9292-c51a80caefb2	2.77045399452082	86f75337-2fd7-4ef8-9c35-e1035f5482e4	2.75	4.25	75	39
bc4301e9-9b45-4464-81af-2f180218a093	2.73591998918727	21bb91af-fb89-4f9b-a2ac-be9e84807e6d	2	4.75	75	39
bc4301e9-9b45-4464-81af-2f180218a093	2.73591998918727	d86aef28-5ee7-4fd9-9a9b-de8cc06c4557	2.5	2	75	39
694a4a01-56e0-494a-b030-0d2757edb4c1	3.56107052222171	64c7b186-de40-4cad-a1f6-dffe7142c990	1	5	75	40
694a4a01-56e0-494a-b030-0d2757edb4c1	3.56107052222171	75291c0b-2d30-401a-b568-6147335d88a5	1	4.5	75	40
64c7b186-de40-4cad-a1f6-dffe7142c990	3.48432503689206	64c7b186-de40-4cad-a1f6-dffe7142c990	1	5	100	40
64c7b186-de40-4cad-a1f6-dffe7142c990	3.48432503689206	75291c0b-2d30-401a-b568-6147335d88a5	1	4.5	100	40
9ced877c-497e-45b6-9549-562c758e00fa	3.44675846965958	64c7b186-de40-4cad-a1f6-dffe7142c990	1	5	100	40
9ced877c-497e-45b6-9549-562c758e00fa	3.44675846965958	75291c0b-2d30-401a-b568-6147335d88a5	1	4.5	100	40
a41e2539-2194-4da3-8618-b1f5c7410576	3.36871462986622	86f75337-2fd7-4ef8-9c35-e1035f5482e4	2.75	4.5	75	40
8d1e7ea2-26e3-4693-ac85-0c975dac9448	3.07514955623128	86f75337-2fd7-4ef8-9c35-e1035f5482e4	2.75	4.5	100	40
debd54b6-d961-4098-9292-c51a80caefb2	2.95400769387655	686509c1-fdca-4255-95fa-005b4947a0d1	2.25	3.5	75	40
debd54b6-d961-4098-9292-c51a80caefb2	2.95400769387655	86f75337-2fd7-4ef8-9c35-e1035f5482e4	2.75	4.5	75	40
bc4301e9-9b45-4464-81af-2f180218a093	2.91718567208376	686509c1-fdca-4255-95fa-005b4947a0d1	2.25	3.5	100	40
0793712a-8c2c-416b-9080-6c70e46664cb	2.89294627098406	0793712a-8c2c-416b-9080-6c70e46664cb	4.25	4.5	100	40
694a4a01-56e0-494a-b030-0d2757edb4c1	3.0608657412964	61fdf88b-1db1-463f-baeb-848a9a1f815d	1.5	3.75	75	41
694a4a01-56e0-494a-b030-0d2757edb4c1	3.0608657412964	75291c0b-2d30-401a-b568-6147335d88a5	1	3	75	41
eefed63b-8eeb-431b-bb50-63c25798ea83	3.04089483738757	61fdf88b-1db1-463f-baeb-848a9a1f815d	1.5	3.75	100	41
64c7b186-de40-4cad-a1f6-dffe7142c990	2.99490028922164	75291c0b-2d30-401a-b568-6147335d88a5	1	3	100	41
9ced877c-497e-45b6-9549-562c758e00fa	2.96261050543545	75291c0b-2d30-401a-b568-6147335d88a5	1	3	100	41
a41e2539-2194-4da3-8618-b1f5c7410576	2.89552907480189	86f75337-2fd7-4ef8-9c35-e1035f5482e4	2.75	4	75	41
20c132ad-0c7c-41bf-a35c-5a95fa87892a	2.64856285908404	20c132ad-0c7c-41bf-a35c-5a95fa87892a	3.5	3.25	100	41
8d1e7ea2-26e3-4693-ac85-0c975dac9448	2.64319953824402	86f75337-2fd7-4ef8-9c35-e1035f5482e4	2.75	4	100	41
debd54b6-d961-4098-9292-c51a80caefb2	2.53907382583549	86f75337-2fd7-4ef8-9c35-e1035f5482e4	2.75	4	75	41
0793712a-8c2c-416b-9080-6c70e46664cb	2.48658938426183	b47e7d4f-b0ca-48f0-97c5-cf61fe21295b	4.5	5	75	41
694a4a01-56e0-494a-b030-0d2757edb4c1	3.53153128924746	64c7b186-de40-4cad-a1f6-dffe7142c990	1	5	75	42
eefed63b-8eeb-431b-bb50-63c25798ea83	3.50848945915038	3b947680-2625-4e70-a715-5acf8491b309	1.75	4.75	75	42
eefed63b-8eeb-431b-bb50-63c25798ea83	3.50848945915038	ff492b4b-9780-4b6a-8035-afafaf1a0b7b	1.75	4.25	75	42
64c7b186-de40-4cad-a1f6-dffe7142c990	3.4554224152083	64c7b186-de40-4cad-a1f6-dffe7142c990	1	5	100	42
9ced877c-497e-45b6-9549-562c758e00fa	3.41816745473231	64c7b186-de40-4cad-a1f6-dffe7142c990	1	5	100	42
20c132ad-0c7c-41bf-a35c-5a95fa87892a	3.05582909570924	52d5d688-98d5-455a-97d8-40e74216ec3f	3.75	4	75	42
debd54b6-d961-4098-9292-c51a80caefb2	2.92950407554814	686509c1-fdca-4255-95fa-005b4947a0d1	2.25	3.75	75	42
bc4301e9-9b45-4464-81af-2f180218a093	2.89298749055703	686509c1-fdca-4255-95fa-005b4947a0d1	2.25	3.75	100	42
20c132ad-0c7c-41bf-a35c-5a95fa87892a	3.31990850453119	c86f19a7-4709-4fee-a534-cbb721186c55	3.5	4.25	100	43
debd54b6-d961-4098-9292-c51a80caefb2	3.18266669728239	686509c1-fdca-4255-95fa-005b4947a0d1	2.25	5	75	43
debd54b6-d961-4098-9292-c51a80caefb2	3.18266669728239	bc4301e9-9b45-4464-81af-2f180218a093	2.25	4.5	75	43
debd54b6-d961-4098-9292-c51a80caefb2	3.18266669728239	534235e5-91a6-4d11-b984-96ff5932c823	2.25	4.25	75	43
debd54b6-d961-4098-9292-c51a80caefb2	3.18266669728239	79d48cba-971b-453e-8c5c-8c2bcade78a0	2.25	5	75	43
bc4301e9-9b45-4464-81af-2f180218a093	3.14299441625283	686509c1-fdca-4255-95fa-005b4947a0d1	2.25	5	100	43
bc4301e9-9b45-4464-81af-2f180218a093	3.14299441625283	bc4301e9-9b45-4464-81af-2f180218a093	2.25	4.5	100	43
bc4301e9-9b45-4464-81af-2f180218a093	3.14299441625283	534235e5-91a6-4d11-b984-96ff5932c823	2.25	4.25	100	43
bc4301e9-9b45-4464-81af-2f180218a093	3.14299441625283	79d48cba-971b-453e-8c5c-8c2bcade78a0	2.25	5	100	43
694a4a01-56e0-494a-b030-0d2757edb4c1	3.51869024015488	61fdf88b-1db1-463f-baeb-848a9a1f815d	1.5	4.25	75	44
eefed63b-8eeb-431b-bb50-63c25798ea83	3.49573219667747	61fdf88b-1db1-463f-baeb-848a9a1f815d	1.5	4.25	100	44
a41e2539-2194-4da3-8618-b1f5c7410576	3.32862357729421	68171ad7-2b47-4d86-b0bc-1cd6ad9b6cba	2.75	3.75	75	44
20c132ad-0c7c-41bf-a35c-5a95fa87892a	3.04471775432831	37b95289-ea7b-4686-b2d2-7ab47fe22aec	3.75	4	75	44
8d1e7ea2-26e3-4693-ac85-0c975dac9448	3.03855222072821	68171ad7-2b47-4d86-b0bc-1cd6ad9b6cba	2.75	3.75	100	44
8d1e7ea2-26e3-4693-ac85-0c975dac9448	3.03855222072821	debd54b6-d961-4098-9292-c51a80caefb2	2.5	5	75	44
debd54b6-d961-4098-9292-c51a80caefb2	2.91885206651244	68171ad7-2b47-4d86-b0bc-1cd6ad9b6cba	2.75	3.75	75	44
debd54b6-d961-4098-9292-c51a80caefb2	2.91885206651244	534235e5-91a6-4d11-b984-96ff5932c823	2.25	3.75	75	44
debd54b6-d961-4098-9292-c51a80caefb2	2.91885206651244	debd54b6-d961-4098-9292-c51a80caefb2	2.5	5	100	44
bc4301e9-9b45-4464-81af-2f180218a093	2.88246826324148	534235e5-91a6-4d11-b984-96ff5932c823	2.25	3.75	100	44
bc4301e9-9b45-4464-81af-2f180218a093	2.88246826324148	debd54b6-d961-4098-9292-c51a80caefb2	2.5	5	75	44
694a4a01-56e0-494a-b030-0d2757edb4c1	3.39007141963166	64c7b186-de40-4cad-a1f6-dffe7142c990	1	5	75	45
694a4a01-56e0-494a-b030-0d2757edb4c1	3.39007141963166	eefed63b-8eeb-431b-bb50-63c25798ea83	1.5	4.5	75	45
eefed63b-8eeb-431b-bb50-63c25798ea83	3.36795256233073	eefed63b-8eeb-431b-bb50-63c25798ea83	1.5	4.5	100	45
64c7b186-de40-4cad-a1f6-dffe7142c990	3.3170111806865	64c7b186-de40-4cad-a1f6-dffe7142c990	1	5	100	45
9ced877c-497e-45b6-9549-562c758e00fa	3.28124852400977	64c7b186-de40-4cad-a1f6-dffe7142c990	1	5	100	45
20c132ad-0c7c-41bf-a35c-5a95fa87892a	2.93342406828787	37b95289-ea7b-4686-b2d2-7ab47fe22aec	3.75	4.75	75	45
0793712a-8c2c-416b-9080-6c70e46664cb	2.75402984014565	0793712a-8c2c-416b-9080-6c70e46664cb	4.25	4.5	100	45
694a4a01-56e0-494a-b030-0d2757edb4c1	3.60907492391388	694a4a01-56e0-494a-b030-0d2757edb4c1	1.25	4.75	100	46
694a4a01-56e0-494a-b030-0d2757edb4c1	3.60907492391388	75291c0b-2d30-401a-b568-6147335d88a5	1	5	75	46
694a4a01-56e0-494a-b030-0d2757edb4c1	3.60907492391388	eefed63b-8eeb-431b-bb50-63c25798ea83	1.5	5	75	46
eefed63b-8eeb-431b-bb50-63c25798ea83	3.58552715656399	694a4a01-56e0-494a-b030-0d2757edb4c1	1.25	4.75	75	46
eefed63b-8eeb-431b-bb50-63c25798ea83	3.58552715656399	eefed63b-8eeb-431b-bb50-63c25798ea83	1.5	5	100	46
64c7b186-de40-4cad-a1f6-dffe7142c990	3.53129488885193	694a4a01-56e0-494a-b030-0d2757edb4c1	1.25	4.75	75	46
64c7b186-de40-4cad-a1f6-dffe7142c990	3.53129488885193	75291c0b-2d30-401a-b568-6147335d88a5	1	5	100	46
9ced877c-497e-45b6-9549-562c758e00fa	3.49322191219127	694a4a01-56e0-494a-b030-0d2757edb4c1	1.25	4.75	75	46
9ced877c-497e-45b6-9549-562c758e00fa	3.49322191219127	75291c0b-2d30-401a-b568-6147335d88a5	1	5	100	46
a41e2539-2194-4da3-8618-b1f5c7410576	3.41412601548825	86f75337-2fd7-4ef8-9c35-e1035f5482e4	2.75	4.75	75	46
8d1e7ea2-26e3-4693-ac85-0c975dac9448	3.11660358884627	86f75337-2fd7-4ef8-9c35-e1035f5482e4	2.75	4.75	100	46
debd54b6-d961-4098-9292-c51a80caefb2	2.99382869316404	86f75337-2fd7-4ef8-9c35-e1035f5482e4	2.75	4.75	75	46
694a4a01-56e0-494a-b030-0d2757edb4c1	3.3953542851979	64c7b186-de40-4cad-a1f6-dffe7142c990	1	5	75	47
eefed63b-8eeb-431b-bb50-63c25798ea83	3.37320095879432	ff492b4b-9780-4b6a-8035-afafaf1a0b7b	1.75	2.5	75	47
64c7b186-de40-4cad-a1f6-dffe7142c990	3.32218019337701	64c7b186-de40-4cad-a1f6-dffe7142c990	1	5	100	47
9ced877c-497e-45b6-9549-562c758e00fa	3.2863618066575	64c7b186-de40-4cad-a1f6-dffe7142c990	1	5	100	47
a41e2539-2194-4da3-8618-b1f5c7410576	3.21194977522676	86f75337-2fd7-4ef8-9c35-e1035f5482e4	2.75	4.75	75	47
8d1e7ea2-26e3-4693-ac85-0c975dac9448	2.93204590319846	86f75337-2fd7-4ef8-9c35-e1035f5482e4	2.75	4.75	100	47
8d1e7ea2-26e3-4693-ac85-0c975dac9448	2.93204590319846	debd54b6-d961-4098-9292-c51a80caefb2	2.5	4.5	75	47
debd54b6-d961-4098-9292-c51a80caefb2	2.81654143863535	86f75337-2fd7-4ef8-9c35-e1035f5482e4	2.75	4.75	75	47
debd54b6-d961-4098-9292-c51a80caefb2	2.81654143863535	debd54b6-d961-4098-9292-c51a80caefb2	2.5	4.5	100	47
bc4301e9-9b45-4464-81af-2f180218a093	2.78143294830143	76a55b6c-21bd-4ce7-b9c7-dd3ae6340804	2	4.25	75	47
bc4301e9-9b45-4464-81af-2f180218a093	2.78143294830143	debd54b6-d961-4098-9292-c51a80caefb2	2.5	4.5	75	47
694a4a01-56e0-494a-b030-0d2757edb4c1	3.14280695888919	64c7b186-de40-4cad-a1f6-dffe7142c990	1	5	75	48
eefed63b-8eeb-431b-bb50-63c25798ea83	3.12230140279121	3b947680-2625-4e70-a715-5acf8491b309	1.75	5	75	48
64c7b186-de40-4cad-a1f6-dffe7142c990	3.0750755753909	64c7b186-de40-4cad-a1f6-dffe7142c990	1	5	100	48
9ced877c-497e-45b6-9549-562c758e00fa	3.04192136907168	64c7b186-de40-4cad-a1f6-dffe7142c990	1	5	100	48
8d1e7ea2-26e3-4693-ac85-0c975dac9448	2.71395957377521	d86aef28-5ee7-4fd9-9a9b-de8cc06c4557	2.5	1.25	75	48
debd54b6-d961-4098-9292-c51a80caefb2	2.60704636133863	d86aef28-5ee7-4fd9-9a9b-de8cc06c4557	2.5	1.25	100	48
debd54b6-d961-4098-9292-c51a80caefb2	2.60704636133863	79d48cba-971b-453e-8c5c-8c2bcade78a0	2.25	5	75	48
bc4301e9-9b45-4464-81af-2f180218a093	2.5745492494152	d86aef28-5ee7-4fd9-9a9b-de8cc06c4557	2.5	1.25	75	48
bc4301e9-9b45-4464-81af-2f180218a093	2.5745492494152	79d48cba-971b-453e-8c5c-8c2bcade78a0	2.25	5	100	48
694a4a01-56e0-494a-b030-0d2757edb4c1	3.65916589382811	eefed63b-8eeb-431b-bb50-63c25798ea83	1.5	5	75	49
eefed63b-8eeb-431b-bb50-63c25798ea83	3.63529122422689	3b947680-2625-4e70-a715-5acf8491b309	1.75	4.25	75	49
eefed63b-8eeb-431b-bb50-63c25798ea83	3.63529122422689	eefed63b-8eeb-431b-bb50-63c25798ea83	1.5	5	100	49
a41e2539-2194-4da3-8618-b1f5c7410576	3.46151123420255	8d1e7ea2-26e3-4693-ac85-0c975dac9448	2.75	5	75	49
20c132ad-0c7c-41bf-a35c-5a95fa87892a	3.16627112927477	20c132ad-0c7c-41bf-a35c-5a95fa87892a	3.5	4	100	49
8d1e7ea2-26e3-4693-ac85-0c975dac9448	3.15985944802026	8d1e7ea2-26e3-4693-ac85-0c975dac9448	2.75	5	100	49
debd54b6-d961-4098-9292-c51a80caefb2	3.03538052803607	8d1e7ea2-26e3-4693-ac85-0c975dac9448	2.75	5	75	49
0793712a-8c2c-416b-9080-6c70e46664cb	2.97263708562709	0793712a-8c2c-416b-9080-6c70e46664cb	4.25	4.75	100	49
694a4a01-56e0-494a-b030-0d2757edb4c1	3.20811968797403	eefed63b-8eeb-431b-bb50-63c25798ea83	1.5	3.75	75	50
eefed63b-8eeb-431b-bb50-63c25798ea83	3.18718799699983	eefed63b-8eeb-431b-bb50-63c25798ea83	1.5	3.75	100	50
a41e2539-2194-4da3-8618-b1f5c7410576	3.03482890146946	a41e2539-2194-4da3-8618-b1f5c7410576	3	4.5	100	50
8d1e7ea2-26e3-4693-ac85-0c975dac9448	2.77036014372013	a41e2539-2194-4da3-8618-b1f5c7410576	3	4.5	75	50
8d1e7ea2-26e3-4693-ac85-0c975dac9448	2.77036014372013	debd54b6-d961-4098-9292-c51a80caefb2	2.5	4.25	75	50
debd54b6-d961-4098-9292-c51a80caefb2	2.66122510308368	534235e5-91a6-4d11-b984-96ff5932c823	2.25	3.75	75	50
debd54b6-d961-4098-9292-c51a80caefb2	2.66122510308368	debd54b6-d961-4098-9292-c51a80caefb2	2.5	4.25	100	50
bc4301e9-9b45-4464-81af-2f180218a093	2.62805264094444	534235e5-91a6-4d11-b984-96ff5932c823	2.25	3.75	100	50
bc4301e9-9b45-4464-81af-2f180218a093	2.62805264094444	debd54b6-d961-4098-9292-c51a80caefb2	2.5	4.25	75	50
694a4a01-56e0-494a-b030-0d2757edb4c1	3.46181688048968	61fdf88b-1db1-463f-baeb-848a9a1f815d	1.5	3.75	75	51
694a4a01-56e0-494a-b030-0d2757edb4c1	3.46181688048968	9ced877c-497e-45b6-9549-562c758e00fa	1	5	75	51
eefed63b-8eeb-431b-bb50-63c25798ea83	3.43922991340096	61fdf88b-1db1-463f-baeb-848a9a1f815d	1.5	3.75	100	51
64c7b186-de40-4cad-a1f6-dffe7142c990	3.38721044485551	9ced877c-497e-45b6-9549-562c758e00fa	1	5	100	51
9ced877c-497e-45b6-9549-562c758e00fa	3.35069091845599	9ced877c-497e-45b6-9549-562c758e00fa	1	5	100	51
a41e2539-2194-4da3-8618-b1f5c7410576	3.27482231219232	f73b79c3-6390-4cdb-a96a-0a2fae700005	3.25	3	75	51
20c132ad-0c7c-41bf-a35c-5a95fa87892a	2.99550531905852	f73b79c3-6390-4cdb-a96a-0a2fae700005	3.25	3	75	51
bc4301e9-9b45-4464-81af-2f180218a093	2.83587830221667	21bb91af-fb89-4f9b-a2ac-be9e84807e6d	2	4.75	75	51
694a4a01-56e0-494a-b030-0d2757edb4c1	3.26600360425736	9ced877c-497e-45b6-9549-562c758e00fa	1	5	75	52
64c7b186-de40-4cad-a1f6-dffe7142c990	3.19561718008123	9ced877c-497e-45b6-9549-562c758e00fa	1	5	100	52
9ced877c-497e-45b6-9549-562c758e00fa	3.16116333795239	9ced877c-497e-45b6-9549-562c758e00fa	1	5	100	52
20c132ad-0c7c-41bf-a35c-5a95fa87892a	2.82606836286239	20c132ad-0c7c-41bf-a35c-5a95fa87892a	3.5	3.25	100	52
20c132ad-0c7c-41bf-a35c-5a95fa87892a	2.82606836286239	c86f19a7-4709-4fee-a534-cbb721186c55	3.5	4.25	100	52
debd54b6-d961-4098-9292-c51a80caefb2	2.70924142793027	686509c1-fdca-4255-95fa-005b4947a0d1	2.25	4.25	75	52
bc4301e9-9b45-4464-81af-2f180218a093	2.6754704413369	686509c1-fdca-4255-95fa-005b4947a0d1	2.25	4.25	100	52
0793712a-8c2c-416b-9080-6c70e46664cb	2.65323949778487	d6169755-eb0d-4ffe-8b01-397bf3e48f8b	4.5	3	75	52
694a4a01-56e0-494a-b030-0d2757edb4c1	3.46893434204599	eefed63b-8eeb-431b-bb50-63c25798ea83	1.5	5	75	53
eefed63b-8eeb-431b-bb50-63c25798ea83	3.44630093304912	eefed63b-8eeb-431b-bb50-63c25798ea83	1.5	5	100	53
a41e2539-2194-4da3-8618-b1f5c7410576	3.28155532344217	86f75337-2fd7-4ef8-9c35-e1035f5482e4	2.75	4.75	75	53
8d1e7ea2-26e3-4693-ac85-0c975dac9448	2.99558570961253	86f75337-2fd7-4ef8-9c35-e1035f5482e4	2.75	4.75	100	53
debd54b6-d961-4098-9292-c51a80caefb2	2.87757816863536	bc4301e9-9b45-4464-81af-2f180218a093	2.25	4.25	75	53
debd54b6-d961-4098-9292-c51a80caefb2	2.87757816863536	86f75337-2fd7-4ef8-9c35-e1035f5482e4	2.75	4.75	75	53
bc4301e9-9b45-4464-81af-2f180218a093	2.84170884770092	bc4301e9-9b45-4464-81af-2f180218a093	2.25	4.25	100	53
bc4301e9-9b45-4464-81af-2f180218a093	2.84170884770092	21bb91af-fb89-4f9b-a2ac-be9e84807e6d	2	4.75	75	53
