8d1e7ea2-26e3-4693-ac85-0c975dac9448	2.2717466807046	d86aef28-5ee7-4fd9-9a9b-de8cc06c4557	2.5	3.25	75	1
eefed63b-8eeb-431b-bb50-63c25798ea83	2.06686431813782	eefed63b-8eeb-431b-bb50-63c25798ea83	1.5	3.5	100	1
9ced877c-497e-45b6-9549-562c758e00fa	2.01002155772064	9ced877c-497e-45b6-9549-562c758e00fa	1	5	100	1
61fdf88b-1db1-463f-baeb-848a9a1f815d	1.97534733078237	eefed63b-8eeb-431b-bb50-63c25798ea83	1.5	3.5	100	1
694a4a01-56e0-494a-b030-0d2757edb4c1	1.84788627337798	9ced877c-497e-45b6-9549-562c758e00fa	1	5	75	1
694a4a01-56e0-494a-b030-0d2757edb4c1	1.84788627337798	eefed63b-8eeb-431b-bb50-63c25798ea83	1.5	3.5	75	1
bc4301e9-9b45-4464-81af-2f180218a093	1.70053350854541	686509c1-fdca-4255-95fa-005b4947a0d1	2.25	4.25	100	1
bc4301e9-9b45-4464-81af-2f180218a093	1.70053350854541	21bb91af-fb89-4f9b-a2ac-be9e84807e6d	2	4.75	75	1
bc4301e9-9b45-4464-81af-2f180218a093	1.70053350854541	d86aef28-5ee7-4fd9-9a9b-de8cc06c4557	2.5	3.25	75	1
d86aef28-5ee7-4fd9-9a9b-de8cc06c4557	1.59384490035618	686509c1-fdca-4255-95fa-005b4947a0d1	2.25	4.25	75	1
d86aef28-5ee7-4fd9-9a9b-de8cc06c4557	1.59384490035618	d86aef28-5ee7-4fd9-9a9b-de8cc06c4557	2.5	3.25	100	1
76a55b6c-21bd-4ce7-b9c7-dd3ae6340804	1.51173166798614	686509c1-fdca-4255-95fa-005b4947a0d1	2.25	4.25	75	1
76a55b6c-21bd-4ce7-b9c7-dd3ae6340804	1.51173166798614	21bb91af-fb89-4f9b-a2ac-be9e84807e6d	2	4.75	100	1
8d1e7ea2-26e3-4693-ac85-0c975dac9448	2.4650252298497	8d1e7ea2-26e3-4693-ac85-0c975dac9448	2.75	5	100	2
eefed63b-8eeb-431b-bb50-63c25798ea83	2.24271162683495	694a4a01-56e0-494a-b030-0d2757edb4c1	1.25	5	75	2
eefed63b-8eeb-431b-bb50-63c25798ea83	2.24271162683495	eefed63b-8eeb-431b-bb50-63c25798ea83	1.5	4.25	100	2
9ced877c-497e-45b6-9549-562c758e00fa	2.1810327245821	694a4a01-56e0-494a-b030-0d2757edb4c1	1.25	5	75	2
61fdf88b-1db1-463f-baeb-848a9a1f815d	2.1434084369176	694a4a01-56e0-494a-b030-0d2757edb4c1	1.25	5	75	2
61fdf88b-1db1-463f-baeb-848a9a1f815d	2.1434084369176	eefed63b-8eeb-431b-bb50-63c25798ea83	1.5	4.25	100	2
20c132ad-0c7c-41bf-a35c-5a95fa87892a	2.03699271367568	20c132ad-0c7c-41bf-a35c-5a95fa87892a	3.5	3.75	100	2
694a4a01-56e0-494a-b030-0d2757edb4c1	2.00510308777975	694a4a01-56e0-494a-b030-0d2757edb4c1	1.25	5	100	2
694a4a01-56e0-494a-b030-0d2757edb4c1	2.00510308777975	eefed63b-8eeb-431b-bb50-63c25798ea83	1.5	4.25	75	2
a41e2539-2194-4da3-8618-b1f5c7410576	2.0003529498698	8d1e7ea2-26e3-4693-ac85-0c975dac9448	2.75	5	75	2
bc4301e9-9b45-4464-81af-2f180218a093	1.84521365749957	21bb91af-fb89-4f9b-a2ac-be9e84807e6d	2	4	75	2
d86aef28-5ee7-4fd9-9a9b-de8cc06c4557	1.7294480598418	8d1e7ea2-26e3-4693-ac85-0c975dac9448	2.75	5	75	2
76a55b6c-21bd-4ce7-b9c7-dd3ae6340804	1.6403486934707	21bb91af-fb89-4f9b-a2ac-be9e84807e6d	2	4	100	2
eefed63b-8eeb-431b-bb50-63c25798ea83	2.45629238269833	61fdf88b-1db1-463f-baeb-848a9a1f815d	1.5	5	100	3
eefed63b-8eeb-431b-bb50-63c25798ea83	2.45629238269833	694a4a01-56e0-494a-b030-0d2757edb4c1	1.25	5	75	3
9ced877c-497e-45b6-9549-562c758e00fa	2.38873958677886	694a4a01-56e0-494a-b030-0d2757edb4c1	1.25	5	75	3
61fdf88b-1db1-463f-baeb-848a9a1f815d	2.34753222492391	61fdf88b-1db1-463f-baeb-848a9a1f815d	1.5	5	100	3
61fdf88b-1db1-463f-baeb-848a9a1f815d	2.34753222492391	694a4a01-56e0-494a-b030-0d2757edb4c1	1.25	5	75	3
20c132ad-0c7c-41bf-a35c-5a95fa87892a	2.23098217392086	20c132ad-0c7c-41bf-a35c-5a95fa87892a	3.5	5	100	3
694a4a01-56e0-494a-b030-0d2757edb4c1	2.19605559929235	61fdf88b-1db1-463f-baeb-848a9a1f815d	1.5	5	75	3
694a4a01-56e0-494a-b030-0d2757edb4c1	2.19605559929235	694a4a01-56e0-494a-b030-0d2757edb4c1	1.25	5	100	3
bc4301e9-9b45-4464-81af-2f180218a093	2.02093937928588	bc4301e9-9b45-4464-81af-2f180218a093	2.25	4.5	100	3
bc4301e9-9b45-4464-81af-2f180218a093	2.02093937928588	76a55b6c-21bd-4ce7-b9c7-dd3ae6340804	2	4.75	75	3
d86aef28-5ee7-4fd9-9a9b-de8cc06c4557	1.89414904458335	bc4301e9-9b45-4464-81af-2f180218a093	2.25	4.5	75	3
76a55b6c-21bd-4ce7-b9c7-dd3ae6340804	1.79656445660676	bc4301e9-9b45-4464-81af-2f180218a093	2.25	4.5	75	3
76a55b6c-21bd-4ce7-b9c7-dd3ae6340804	1.79656445660676	76a55b6c-21bd-4ce7-b9c7-dd3ae6340804	2	4.75	100	3
8d1e7ea2-26e3-4693-ac85-0c975dac9448	2.23444194067573	68171ad7-2b47-4d86-b0bc-1cd6ad9b6cba	2.75	4.25	100	4
8d1e7ea2-26e3-4693-ac85-0c975dac9448	2.23444194067573	8d1e7ea2-26e3-4693-ac85-0c975dac9448	2.75	5	100	4
eefed63b-8eeb-431b-bb50-63c25798ea83	2.03292398327315	eefed63b-8eeb-431b-bb50-63c25798ea83	1.5	5	100	4
61fdf88b-1db1-463f-baeb-848a9a1f815d	1.94290981173872	eefed63b-8eeb-431b-bb50-63c25798ea83	1.5	5	100	4
694a4a01-56e0-494a-b030-0d2757edb4c1	1.81754181798815	eefed63b-8eeb-431b-bb50-63c25798ea83	1.5	5	75	4
a41e2539-2194-4da3-8618-b1f5c7410576	1.81323601678232	68171ad7-2b47-4d86-b0bc-1cd6ad9b6cba	2.75	4.25	75	4
a41e2539-2194-4da3-8618-b1f5c7410576	1.81323601678232	8d1e7ea2-26e3-4693-ac85-0c975dac9448	2.75	5	75	4
bc4301e9-9b45-4464-81af-2f180218a093	1.6726087572751	bc4301e9-9b45-4464-81af-2f180218a093	2.25	4	100	4
d86aef28-5ee7-4fd9-9a9b-de8cc06c4557	1.56767210146577	68171ad7-2b47-4d86-b0bc-1cd6ad9b6cba	2.75	4.25	75	4
d86aef28-5ee7-4fd9-9a9b-de8cc06c4557	1.56767210146577	bc4301e9-9b45-4464-81af-2f180218a093	2.25	4	75	4
d86aef28-5ee7-4fd9-9a9b-de8cc06c4557	1.56767210146577	8d1e7ea2-26e3-4693-ac85-0c975dac9448	2.75	5	75	4
76a55b6c-21bd-4ce7-b9c7-dd3ae6340804	1.48690726311214	bc4301e9-9b45-4464-81af-2f180218a093	2.25	4	75	4
8d1e7ea2-26e3-4693-ac85-0c975dac9448	2.49147861109093	a41e2539-2194-4da3-8618-b1f5c7410576	3	5	75	5
8d1e7ea2-26e3-4693-ac85-0c975dac9448	2.49147861109093	d86aef28-5ee7-4fd9-9a9b-de8cc06c4557	2.5	4	75	5
eefed63b-8eeb-431b-bb50-63c25798ea83	2.26677925345038	61fdf88b-1db1-463f-baeb-848a9a1f815d	1.5	3.75	100	5
9ced877c-497e-45b6-9549-562c758e00fa	2.20443844347767	9ced877c-497e-45b6-9549-562c758e00fa	1	5	100	5
61fdf88b-1db1-463f-baeb-848a9a1f815d	2.1664103923274	61fdf88b-1db1-463f-baeb-848a9a1f815d	1.5	3.75	100	5
694a4a01-56e0-494a-b030-0d2757edb4c1	2.02662082176982	61fdf88b-1db1-463f-baeb-848a9a1f815d	1.5	3.75	75	5
694a4a01-56e0-494a-b030-0d2757edb4c1	2.02662082176982	9ced877c-497e-45b6-9549-562c758e00fa	1	5	75	5
a41e2539-2194-4da3-8618-b1f5c7410576	2.02181970804215	a41e2539-2194-4da3-8618-b1f5c7410576	3	5	100	5
bc4301e9-9b45-4464-81af-2f180218a093	1.86501554018929	d86aef28-5ee7-4fd9-9a9b-de8cc06c4557	2.5	4	75	5
bc4301e9-9b45-4464-81af-2f180218a093	1.86501554018929	79d48cba-971b-453e-8c5c-8c2bcade78a0	2.25	5	100	5
d86aef28-5ee7-4fd9-9a9b-de8cc06c4557	1.74800760616578	d86aef28-5ee7-4fd9-9a9b-de8cc06c4557	2.5	4	100	5
d86aef28-5ee7-4fd9-9a9b-de8cc06c4557	1.74800760616578	79d48cba-971b-453e-8c5c-8c2bcade78a0	2.25	5	75	5
76a55b6c-21bd-4ce7-b9c7-dd3ae6340804	1.65795207114324	79d48cba-971b-453e-8c5c-8c2bcade78a0	2.25	5	75	5
8d1e7ea2-26e3-4693-ac85-0c975dac9448	1.77306177224345	debd54b6-d961-4098-9292-c51a80caefb2	2.5	4	75	6
eefed63b-8eeb-431b-bb50-63c25798ea83	1.61315438263856	61fdf88b-1db1-463f-baeb-848a9a1f815d	1.5	2.25	100	6
61fdf88b-1db1-463f-baeb-848a9a1f815d	1.54172684151336	61fdf88b-1db1-463f-baeb-848a9a1f815d	1.5	2.25	100	6
20c132ad-0c7c-41bf-a35c-5a95fa87892a	1.46518334417172	f13bb7bb-9260-4400-affa-377c7236cda2	3.25	3.5	75	6
20c132ad-0c7c-41bf-a35c-5a95fa87892a	1.46518334417172	20c132ad-0c7c-41bf-a35c-5a95fa87892a	3.5	4	100	6
694a4a01-56e0-494a-b030-0d2757edb4c1	1.44224553611492	61fdf88b-1db1-463f-baeb-848a9a1f815d	1.5	2.25	75	6
a41e2539-2194-4da3-8618-b1f5c7410576	1.43882882170712	f13bb7bb-9260-4400-affa-377c7236cda2	3.25	3.5	75	6
bc4301e9-9b45-4464-81af-2f180218a093	1.32723907165712	debd54b6-d961-4098-9292-c51a80caefb2	2.5	4	75	6
d86aef28-5ee7-4fd9-9a9b-de8cc06c4557	1.24397032744214	debd54b6-d961-4098-9292-c51a80caefb2	2.5	4	100	6
9ced877c-497e-45b6-9549-562c758e00fa	1.43214954113831	9ced877c-497e-45b6-9549-562c758e00fa	1	4.25	100	7
694a4a01-56e0-494a-b030-0d2757edb4c1	1.3166274104627	9ced877c-497e-45b6-9549-562c758e00fa	1	4.25	75	7
bc4301e9-9b45-4464-81af-2f180218a093	1.21163789243692	686509c1-fdca-4255-95fa-005b4947a0d1	2.25	4.5	100	7
d86aef28-5ee7-4fd9-9a9b-de8cc06c4557	1.13562177150149	686509c1-fdca-4255-95fa-005b4947a0d1	2.25	4.5	75	7
76a55b6c-21bd-4ce7-b9c7-dd3ae6340804	1.07711571825644	686509c1-fdca-4255-95fa-005b4947a0d1	2.25	4.5	75	7
8d1e7ea2-26e3-4693-ac85-0c975dac9448	2.4279530088382	8d1e7ea2-26e3-4693-ac85-0c975dac9448	2.75	5	100	8
eefed63b-8eeb-431b-bb50-63c25798ea83	2.208982844677	61fdf88b-1db1-463f-baeb-848a9a1f815d	1.5	4.75	100	8
eefed63b-8eeb-431b-bb50-63c25798ea83	2.208982844677	eefed63b-8eeb-431b-bb50-63c25798ea83	1.5	3.25	100	8
61fdf88b-1db1-463f-baeb-848a9a1f815d	2.11117310302887	61fdf88b-1db1-463f-baeb-848a9a1f815d	1.5	4.75	100	8
61fdf88b-1db1-463f-baeb-848a9a1f815d	2.11117310302887	eefed63b-8eeb-431b-bb50-63c25798ea83	1.5	3.25	100	8
694a4a01-56e0-494a-b030-0d2757edb4c1	1.97494776757488	61fdf88b-1db1-463f-baeb-848a9a1f815d	1.5	4.75	75	8
694a4a01-56e0-494a-b030-0d2757edb4c1	1.97494776757488	eefed63b-8eeb-431b-bb50-63c25798ea83	1.5	3.25	75	8
a41e2539-2194-4da3-8618-b1f5c7410576	1.97026906869295	8d1e7ea2-26e3-4693-ac85-0c975dac9448	2.75	5	75	8
bc4301e9-9b45-4464-81af-2f180218a093	1.81746296028984	534235e5-91a6-4d11-b984-96ff5932c823	2.25	5	100	8
d86aef28-5ee7-4fd9-9a9b-de8cc06c4557	1.70343839493728	534235e5-91a6-4d11-b984-96ff5932c823	2.25	5	75	8
d86aef28-5ee7-4fd9-9a9b-de8cc06c4557	1.70343839493728	8d1e7ea2-26e3-4693-ac85-0c975dac9448	2.75	5	75	8
76a55b6c-21bd-4ce7-b9c7-dd3ae6340804	1.61567901946782	534235e5-91a6-4d11-b984-96ff5932c823	2.25	5	75	8
8d1e7ea2-26e3-4693-ac85-0c975dac9448	2.51439774283964	a41e2539-2194-4da3-8618-b1f5c7410576	3	5	75	9
8d1e7ea2-26e3-4693-ac85-0c975dac9448	2.51439774283964	8d1e7ea2-26e3-4693-ac85-0c975dac9448	2.75	5	100	9
eefed63b-8eeb-431b-bb50-63c25798ea83	2.28763137420618	eefed63b-8eeb-431b-bb50-63c25798ea83	1.5	5	100	9
61fdf88b-1db1-463f-baeb-848a9a1f815d	2.18633921896785	eefed63b-8eeb-431b-bb50-63c25798ea83	1.5	5	100	9
20c132ad-0c7c-41bf-a35c-5a95fa87892a	2.07779207203337	f13bb7bb-9260-4400-affa-377c7236cda2	3.25	1.75	75	9
20c132ad-0c7c-41bf-a35c-5a95fa87892a	2.07779207203337	20c132ad-0c7c-41bf-a35c-5a95fa87892a	3.5	5	100	9
694a4a01-56e0-494a-b030-0d2757edb4c1	2.04526372249508	eefed63b-8eeb-431b-bb50-63c25798ea83	1.5	5	75	9
a41e2539-2194-4da3-8618-b1f5c7410576	2.04041844347827	a41e2539-2194-4da3-8618-b1f5c7410576	3	5	100	9
a41e2539-2194-4da3-8618-b1f5c7410576	2.04041844347827	f13bb7bb-9260-4400-affa-377c7236cda2	3.25	1.75	75	9
a41e2539-2194-4da3-8618-b1f5c7410576	2.04041844347827	8d1e7ea2-26e3-4693-ac85-0c975dac9448	2.75	5	75	9
d86aef28-5ee7-4fd9-9a9b-de8cc06c4557	1.76408754197414	8d1e7ea2-26e3-4693-ac85-0c975dac9448	2.75	5	75	9
8d1e7ea2-26e3-4693-ac85-0c975dac9448	1.36795155736096	d86aef28-5ee7-4fd9-9a9b-de8cc06c4557	2.5	3.75	75	10
20c132ad-0c7c-41bf-a35c-5a95fa87892a	1.13041737703739	20c132ad-0c7c-41bf-a35c-5a95fa87892a	3.5	3	100	10
bc4301e9-9b45-4464-81af-2f180218a093	1.02399069460987	21bb91af-fb89-4f9b-a2ac-be9e84807e6d	2	3	75	10
bc4301e9-9b45-4464-81af-2f180218a093	1.02399069460987	d86aef28-5ee7-4fd9-9a9b-de8cc06c4557	2.5	3.75	75	10
bc4301e9-9b45-4464-81af-2f180218a093	1.02399069460987	534235e5-91a6-4d11-b984-96ff5932c823	2.25	1.25	100	10
d86aef28-5ee7-4fd9-9a9b-de8cc06c4557	0.959747242648662	d86aef28-5ee7-4fd9-9a9b-de8cc06c4557	2.5	3.75	100	10
d86aef28-5ee7-4fd9-9a9b-de8cc06c4557	0.959747242648662	534235e5-91a6-4d11-b984-96ff5932c823	2.25	1.25	75	10
76a55b6c-21bd-4ce7-b9c7-dd3ae6340804	0.910302062611536	21bb91af-fb89-4f9b-a2ac-be9e84807e6d	2	3	100	10
76a55b6c-21bd-4ce7-b9c7-dd3ae6340804	0.910302062611536	534235e5-91a6-4d11-b984-96ff5932c823	2.25	1.25	75	10
8d1e7ea2-26e3-4693-ac85-0c975dac9448	4.68228643169394	68171ad7-2b47-4d86-b0bc-1cd6ad9b6cba	2.75	4	100	11
8d1e7ea2-26e3-4693-ac85-0c975dac9448	4.68228643169394	a41e2539-2194-4da3-8618-b1f5c7410576	3	5	75	11
8d1e7ea2-26e3-4693-ac85-0c975dac9448	4.68228643169394	d86aef28-5ee7-4fd9-9a9b-de8cc06c4557	2.5	4.25	75	11
8d1e7ea2-26e3-4693-ac85-0c975dac9448	4.68228643169394	86f75337-2fd7-4ef8-9c35-e1035f5482e4	2.75	4	100	11
8d1e7ea2-26e3-4693-ac85-0c975dac9448	4.68228643169394	8d1e7ea2-26e3-4693-ac85-0c975dac9448	2.75	4.75	100	11
8d1e7ea2-26e3-4693-ac85-0c975dac9448	4.68228643169394	debd54b6-d961-4098-9292-c51a80caefb2	2.5	1	75	11
eefed63b-8eeb-431b-bb50-63c25798ea83	4.26000435877163	61fdf88b-1db1-463f-baeb-848a9a1f815d	1.5	4.75	100	11
eefed63b-8eeb-431b-bb50-63c25798ea83	4.26000435877163	3b947680-2625-4e70-a715-5acf8491b309	1.75	5	75	11
eefed63b-8eeb-431b-bb50-63c25798ea83	4.26000435877163	694a4a01-56e0-494a-b030-0d2757edb4c1	1.25	5	75	11
eefed63b-8eeb-431b-bb50-63c25798ea83	4.26000435877163	ff492b4b-9780-4b6a-8035-afafaf1a0b7b	1.75	4.25	75	11
eefed63b-8eeb-431b-bb50-63c25798ea83	4.26000435877163	eefed63b-8eeb-431b-bb50-63c25798ea83	1.5	4	100	11
9ced877c-497e-45b6-9549-562c758e00fa	4.14284600535994	64c7b186-de40-4cad-a1f6-dffe7142c990	1	5	100	11
9ced877c-497e-45b6-9549-562c758e00fa	4.14284600535994	694a4a01-56e0-494a-b030-0d2757edb4c1	1.25	5	75	11
9ced877c-497e-45b6-9549-562c758e00fa	4.14284600535994	9ced877c-497e-45b6-9549-562c758e00fa	1	5	100	11
9ced877c-497e-45b6-9549-562c758e00fa	4.14284600535994	75291c0b-2d30-401a-b568-6147335d88a5	1	5	100	11
61fdf88b-1db1-463f-baeb-848a9a1f815d	4.07137911620692	61fdf88b-1db1-463f-baeb-848a9a1f815d	1.5	4.75	100	11
61fdf88b-1db1-463f-baeb-848a9a1f815d	4.07137911620692	3b947680-2625-4e70-a715-5acf8491b309	1.75	5	75	11
61fdf88b-1db1-463f-baeb-848a9a1f815d	4.07137911620692	694a4a01-56e0-494a-b030-0d2757edb4c1	1.25	5	75	11
61fdf88b-1db1-463f-baeb-848a9a1f815d	4.07137911620692	ff492b4b-9780-4b6a-8035-afafaf1a0b7b	1.75	4.25	75	11
61fdf88b-1db1-463f-baeb-848a9a1f815d	4.07137911620692	eefed63b-8eeb-431b-bb50-63c25798ea83	1.5	4	100	11
20c132ad-0c7c-41bf-a35c-5a95fa87892a	3.8692437003883	52d5d688-98d5-455a-97d8-40e74216ec3f	3.75	3	75	11
20c132ad-0c7c-41bf-a35c-5a95fa87892a	3.8692437003883	f73b79c3-6390-4cdb-a96a-0a2fae700005	3.25	1.5	75	11
20c132ad-0c7c-41bf-a35c-5a95fa87892a	3.8692437003883	f13bb7bb-9260-4400-affa-377c7236cda2	3.25	4.5	75	11
20c132ad-0c7c-41bf-a35c-5a95fa87892a	3.8692437003883	20c132ad-0c7c-41bf-a35c-5a95fa87892a	3.5	2.75	100	11
20c132ad-0c7c-41bf-a35c-5a95fa87892a	3.8692437003883	37b95289-ea7b-4686-b2d2-7ab47fe22aec	3.75	3.5	75	11
20c132ad-0c7c-41bf-a35c-5a95fa87892a	3.8692437003883	c86f19a7-4709-4fee-a534-cbb721186c55	3.5	4	100	11
694a4a01-56e0-494a-b030-0d2757edb4c1	3.80866973188902	64c7b186-de40-4cad-a1f6-dffe7142c990	1	5	75	11
694a4a01-56e0-494a-b030-0d2757edb4c1	3.80866973188902	61fdf88b-1db1-463f-baeb-848a9a1f815d	1.5	4.75	75	11
694a4a01-56e0-494a-b030-0d2757edb4c1	3.80866973188902	694a4a01-56e0-494a-b030-0d2757edb4c1	1.25	5	100	11
694a4a01-56e0-494a-b030-0d2757edb4c1	3.80866973188902	9ced877c-497e-45b6-9549-562c758e00fa	1	5	75	11
694a4a01-56e0-494a-b030-0d2757edb4c1	3.80866973188902	75291c0b-2d30-401a-b568-6147335d88a5	1	5	75	11
694a4a01-56e0-494a-b030-0d2757edb4c1	3.80866973188902	eefed63b-8eeb-431b-bb50-63c25798ea83	1.5	4	75	11
a41e2539-2194-4da3-8618-b1f5c7410576	3.79964690156394	68171ad7-2b47-4d86-b0bc-1cd6ad9b6cba	2.75	4	75	11
a41e2539-2194-4da3-8618-b1f5c7410576	3.79964690156394	a41e2539-2194-4da3-8618-b1f5c7410576	3	5	100	11
a41e2539-2194-4da3-8618-b1f5c7410576	3.79964690156394	f73b79c3-6390-4cdb-a96a-0a2fae700005	3.25	1.5	75	11
a41e2539-2194-4da3-8618-b1f5c7410576	3.79964690156394	f13bb7bb-9260-4400-affa-377c7236cda2	3.25	4.5	75	11
a41e2539-2194-4da3-8618-b1f5c7410576	3.79964690156394	86f75337-2fd7-4ef8-9c35-e1035f5482e4	2.75	4	75	11
a41e2539-2194-4da3-8618-b1f5c7410576	3.79964690156394	8d1e7ea2-26e3-4693-ac85-0c975dac9448	2.75	4.75	75	11
bc4301e9-9b45-4464-81af-2f180218a093	3.50496163973695	686509c1-fdca-4255-95fa-005b4947a0d1	2.25	3.75	100	11
bc4301e9-9b45-4464-81af-2f180218a093	3.50496163973695	bc4301e9-9b45-4464-81af-2f180218a093	2.25	5	100	11
bc4301e9-9b45-4464-81af-2f180218a093	3.50496163973695	21bb91af-fb89-4f9b-a2ac-be9e84807e6d	2	3	75	11
bc4301e9-9b45-4464-81af-2f180218a093	3.50496163973695	d86aef28-5ee7-4fd9-9a9b-de8cc06c4557	2.5	4.25	75	11
bc4301e9-9b45-4464-81af-2f180218a093	3.50496163973695	534235e5-91a6-4d11-b984-96ff5932c823	2.25	2.75	100	11
bc4301e9-9b45-4464-81af-2f180218a093	3.50496163973695	79d48cba-971b-453e-8c5c-8c2bcade78a0	2.25	3.75	100	11
bc4301e9-9b45-4464-81af-2f180218a093	3.50496163973695	76a55b6c-21bd-4ce7-b9c7-dd3ae6340804	2	5	75	11
bc4301e9-9b45-4464-81af-2f180218a093	3.50496163973695	debd54b6-d961-4098-9292-c51a80caefb2	2.5	1	75	11
d86aef28-5ee7-4fd9-9a9b-de8cc06c4557	3.2850662492218	686509c1-fdca-4255-95fa-005b4947a0d1	2.25	3.75	75	11
d86aef28-5ee7-4fd9-9a9b-de8cc06c4557	3.2850662492218	68171ad7-2b47-4d86-b0bc-1cd6ad9b6cba	2.75	4	75	11
d86aef28-5ee7-4fd9-9a9b-de8cc06c4557	3.2850662492218	bc4301e9-9b45-4464-81af-2f180218a093	2.25	5	75	11
d86aef28-5ee7-4fd9-9a9b-de8cc06c4557	3.2850662492218	d86aef28-5ee7-4fd9-9a9b-de8cc06c4557	2.5	4.25	100	11
d86aef28-5ee7-4fd9-9a9b-de8cc06c4557	3.2850662492218	86f75337-2fd7-4ef8-9c35-e1035f5482e4	2.75	4	75	11
d86aef28-5ee7-4fd9-9a9b-de8cc06c4557	3.2850662492218	534235e5-91a6-4d11-b984-96ff5932c823	2.25	2.75	75	11
d86aef28-5ee7-4fd9-9a9b-de8cc06c4557	3.2850662492218	79d48cba-971b-453e-8c5c-8c2bcade78a0	2.25	3.75	75	11
d86aef28-5ee7-4fd9-9a9b-de8cc06c4557	3.2850662492218	8d1e7ea2-26e3-4693-ac85-0c975dac9448	2.75	4.75	75	11
d86aef28-5ee7-4fd9-9a9b-de8cc06c4557	3.2850662492218	debd54b6-d961-4098-9292-c51a80caefb2	2.5	1	100	11
76a55b6c-21bd-4ce7-b9c7-dd3ae6340804	3.11582305058848	686509c1-fdca-4255-95fa-005b4947a0d1	2.25	3.75	75	11
76a55b6c-21bd-4ce7-b9c7-dd3ae6340804	3.11582305058848	bc4301e9-9b45-4464-81af-2f180218a093	2.25	5	75	11
76a55b6c-21bd-4ce7-b9c7-dd3ae6340804	3.11582305058848	21bb91af-fb89-4f9b-a2ac-be9e84807e6d	2	3	100	11
76a55b6c-21bd-4ce7-b9c7-dd3ae6340804	3.11582305058848	3b947680-2625-4e70-a715-5acf8491b309	1.75	5	75	11
76a55b6c-21bd-4ce7-b9c7-dd3ae6340804	3.11582305058848	534235e5-91a6-4d11-b984-96ff5932c823	2.25	2.75	75	11
76a55b6c-21bd-4ce7-b9c7-dd3ae6340804	3.11582305058848	ff492b4b-9780-4b6a-8035-afafaf1a0b7b	1.75	4.25	75	11
76a55b6c-21bd-4ce7-b9c7-dd3ae6340804	3.11582305058848	79d48cba-971b-453e-8c5c-8c2bcade78a0	2.25	3.75	75	11
76a55b6c-21bd-4ce7-b9c7-dd3ae6340804	3.11582305058848	76a55b6c-21bd-4ce7-b9c7-dd3ae6340804	2	5	100	11
