9ced877c-497e-45b6-9549-562c758e00fa	2.89589148011574	9ced877c-497e-45b6-9549-562c758e00fa	1	5	100	1
694a4a01-56e0-494a-b030-0d2757edb4c1	2.61436386441931	9ced877c-497e-45b6-9549-562c758e00fa	1	5	75	1
694a4a01-56e0-494a-b030-0d2757edb4c1	2.61436386441931	eefed63b-8eeb-431b-bb50-63c25798ea83	1.5	3.5	75	1
eefed63b-8eeb-431b-bb50-63c25798ea83	2.41953866642506	eefed63b-8eeb-431b-bb50-63c25798ea83	1.5	3.5	100	1
8d1e7ea2-26e3-4693-ac85-0c975dac9448	2.39732022713561	d86aef28-5ee7-4fd9-9a9b-de8cc06c4557	2.5	3.25	75	1
76a55b6c-21bd-4ce7-b9c7-dd3ae6340804	2.34497198630361	686509c1-fdca-4255-95fa-005b4947a0d1	2.25	4.25	75	1
76a55b6c-21bd-4ce7-b9c7-dd3ae6340804	2.34497198630361	21bb91af-fb89-4f9b-a2ac-be9e84807e6d	2	4.75	100	1
bc4301e9-9b45-4464-81af-2f180218a093	2.21082454747621	686509c1-fdca-4255-95fa-005b4947a0d1	2.25	4.25	100	1
bc4301e9-9b45-4464-81af-2f180218a093	2.21082454747621	21bb91af-fb89-4f9b-a2ac-be9e84807e6d	2	4.75	75	1
bc4301e9-9b45-4464-81af-2f180218a093	2.21082454747621	d86aef28-5ee7-4fd9-9a9b-de8cc06c4557	2.5	3.25	75	1
79d48cba-971b-453e-8c5c-8c2bcade78a0	2.11549845581065	686509c1-fdca-4255-95fa-005b4947a0d1	2.25	4.25	100	1
79d48cba-971b-453e-8c5c-8c2bcade78a0	2.11549845581065	21bb91af-fb89-4f9b-a2ac-be9e84807e6d	2	4.75	75	1
79d48cba-971b-453e-8c5c-8c2bcade78a0	2.11549845581065	d86aef28-5ee7-4fd9-9a9b-de8cc06c4557	2.5	3.25	75	1
9ced877c-497e-45b6-9549-562c758e00fa	3.06961745542522	694a4a01-56e0-494a-b030-0d2757edb4c1	1.25	5	75	2
694a4a01-56e0-494a-b030-0d2757edb4c1	2.77120086444758	694a4a01-56e0-494a-b030-0d2757edb4c1	1.25	5	100	2
694a4a01-56e0-494a-b030-0d2757edb4c1	2.77120086444758	eefed63b-8eeb-431b-bb50-63c25798ea83	1.5	4.25	75	2
a41e2539-2194-4da3-8618-b1f5c7410576	2.71055872714142	8d1e7ea2-26e3-4693-ac85-0c975dac9448	2.75	5	75	2
20c132ad-0c7c-41bf-a35c-5a95fa87892a	2.57766889629442	20c132ad-0c7c-41bf-a35c-5a95fa87892a	3.5	3.75	100	2
eefed63b-8eeb-431b-bb50-63c25798ea83	2.56468800729387	694a4a01-56e0-494a-b030-0d2757edb4c1	1.25	5	75	2
eefed63b-8eeb-431b-bb50-63c25798ea83	2.56468800729387	eefed63b-8eeb-431b-bb50-63c25798ea83	1.5	4.25	100	2
8d1e7ea2-26e3-4693-ac85-0c975dac9448	2.54113667046254	8d1e7ea2-26e3-4693-ac85-0c975dac9448	2.75	5	100	2
76a55b6c-21bd-4ce7-b9c7-dd3ae6340804	2.48564803287017	21bb91af-fb89-4f9b-a2ac-be9e84807e6d	2	4	100	2
bc4301e9-9b45-4464-81af-2f180218a093	2.34345302161565	21bb91af-fb89-4f9b-a2ac-be9e84807e6d	2	4	75	2
79d48cba-971b-453e-8c5c-8c2bcade78a0	2.24240827193021	21bb91af-fb89-4f9b-a2ac-be9e84807e6d	2	4	75	2
9ced877c-497e-45b6-9549-562c758e00fa	3.38132432919028	694a4a01-56e0-494a-b030-0d2757edb4c1	1.25	5	75	3
694a4a01-56e0-494a-b030-0d2757edb4c1	3.0526047669595	61fdf88b-1db1-463f-baeb-848a9a1f815d	1.5	5	75	3
694a4a01-56e0-494a-b030-0d2757edb4c1	3.0526047669595	694a4a01-56e0-494a-b030-0d2757edb4c1	1.25	5	100	3
20c132ad-0c7c-41bf-a35c-5a95fa87892a	2.83942043244365	20c132ad-0c7c-41bf-a35c-5a95fa87892a	3.5	5	100	3
eefed63b-8eeb-431b-bb50-63c25798ea83	2.82512138874539	61fdf88b-1db1-463f-baeb-848a9a1f815d	1.5	5	100	3
eefed63b-8eeb-431b-bb50-63c25798ea83	2.82512138874539	694a4a01-56e0-494a-b030-0d2757edb4c1	1.25	5	75	3
76a55b6c-21bd-4ce7-b9c7-dd3ae6340804	2.73805523508585	bc4301e9-9b45-4464-81af-2f180218a093	2.25	4.5	75	3
76a55b6c-21bd-4ce7-b9c7-dd3ae6340804	2.73805523508585	76a55b6c-21bd-4ce7-b9c7-dd3ae6340804	2	4.75	100	3
bc4301e9-9b45-4464-81af-2f180218a093	2.58142091372495	bc4301e9-9b45-4464-81af-2f180218a093	2.25	4.5	100	3
bc4301e9-9b45-4464-81af-2f180218a093	2.58142091372495	76a55b6c-21bd-4ce7-b9c7-dd3ae6340804	2	4.75	75	3
79d48cba-971b-453e-8c5c-8c2bcade78a0	2.47011548661574	bc4301e9-9b45-4464-81af-2f180218a093	2.25	4.5	100	3
79d48cba-971b-453e-8c5c-8c2bcade78a0	2.47011548661574	76a55b6c-21bd-4ce7-b9c7-dd3ae6340804	2	4.75	75	3
694a4a01-56e0-494a-b030-0d2757edb4c1	2.58089653616693	eefed63b-8eeb-431b-bb50-63c25798ea83	1.5	5	75	4
a41e2539-2194-4da3-8618-b1f5c7410576	2.5244188281445	68171ad7-2b47-4d86-b0bc-1cd6ad9b6cba	2.75	4.25	75	4
a41e2539-2194-4da3-8618-b1f5c7410576	2.5244188281445	8d1e7ea2-26e3-4693-ac85-0c975dac9448	2.75	5	75	4
eefed63b-8eeb-431b-bb50-63c25798ea83	2.3885653642714	eefed63b-8eeb-431b-bb50-63c25798ea83	1.5	5	100	4
8d1e7ea2-26e3-4693-ac85-0c975dac9448	2.36663134907674	68171ad7-2b47-4d86-b0bc-1cd6ad9b6cba	2.75	4.25	100	4
8d1e7ea2-26e3-4693-ac85-0c975dac9448	2.36663134907674	8d1e7ea2-26e3-4693-ac85-0c975dac9448	2.75	5	100	4
76a55b6c-21bd-4ce7-b9c7-dd3ae6340804	2.31495323496179	bc4301e9-9b45-4464-81af-2f180218a093	2.25	4	75	4
bc4301e9-9b45-4464-81af-2f180218a093	2.18252306211876	bc4301e9-9b45-4464-81af-2f180218a093	2.25	4	100	4
79d48cba-971b-453e-8c5c-8c2bcade78a0	2.08841727088081	bc4301e9-9b45-4464-81af-2f180218a093	2.25	4	100	4
9ced877c-497e-45b6-9549-562c758e00fa	3.18171186370019	9ced877c-497e-45b6-9549-562c758e00fa	1	5	100	5
694a4a01-56e0-494a-b030-0d2757edb4c1	2.87239786266474	61fdf88b-1db1-463f-baeb-848a9a1f815d	1.5	3.75	75	5
694a4a01-56e0-494a-b030-0d2757edb4c1	2.87239786266474	9ced877c-497e-45b6-9549-562c758e00fa	1	5	75	5
a41e2539-2194-4da3-8618-b1f5c7410576	2.80954123235991	a41e2539-2194-4da3-8618-b1f5c7410576	3	5	100	5
eefed63b-8eeb-431b-bb50-63c25798ea83	2.65834369413942	61fdf88b-1db1-463f-baeb-848a9a1f815d	1.5	3.75	100	5
8d1e7ea2-26e3-4693-ac85-0c975dac9448	2.63393232732	a41e2539-2194-4da3-8618-b1f5c7410576	3	5	75	5
8d1e7ea2-26e3-4693-ac85-0c975dac9448	2.63393232732	d86aef28-5ee7-4fd9-9a9b-de8cc06c4557	2.5	4	75	5
76a55b6c-21bd-4ce7-b9c7-dd3ae6340804	2.57641739034506	79d48cba-971b-453e-8c5c-8c2bcade78a0	2.25	5	75	5
bc4301e9-9b45-4464-81af-2f180218a093	2.42902978951125	d86aef28-5ee7-4fd9-9a9b-de8cc06c4557	2.5	4	75	5
bc4301e9-9b45-4464-81af-2f180218a093	2.42902978951125	79d48cba-971b-453e-8c5c-8c2bcade78a0	2.25	5	100	5
79d48cba-971b-453e-8c5c-8c2bcade78a0	2.32429514770965	d86aef28-5ee7-4fd9-9a9b-de8cc06c4557	2.5	4	75	5
79d48cba-971b-453e-8c5c-8c2bcade78a0	2.32429514770965	79d48cba-971b-453e-8c5c-8c2bcade78a0	2.25	5	100	5
694a4a01-56e0-494a-b030-0d2757edb4c1	2.3344124661651	61fdf88b-1db1-463f-baeb-848a9a1f815d	1.5	2.25	75	6
a41e2539-2194-4da3-8618-b1f5c7410576	2.28332856194642	f13bb7bb-9260-4400-affa-377c7236cda2	3.25	3.5	75	6
20c132ad-0c7c-41bf-a35c-5a95fa87892a	2.17138442801242	f13bb7bb-9260-4400-affa-377c7236cda2	3.25	3.5	75	6
20c132ad-0c7c-41bf-a35c-5a95fa87892a	2.17138442801242	20c132ad-0c7c-41bf-a35c-5a95fa87892a	3.5	4	100	6
eefed63b-8eeb-431b-bb50-63c25798ea83	2.16044955156244	61fdf88b-1db1-463f-baeb-848a9a1f815d	1.5	2.25	100	6
8d1e7ea2-26e3-4693-ac85-0c975dac9448	2.14061030433788	debd54b6-d961-4098-9292-c51a80caefb2	2.5	4	75	6
0f667ec6-d35a-4ec1-945f-921a64be56a3	2.0601880104109	d232afdb-9adc-4d08-bfab-7996be42e53e	5	3.25	75	6
0f667ec6-d35a-4ec1-945f-921a64be56a3	2.0601880104109	0f667ec6-d35a-4ec1-945f-921a64be56a3	4.75	3.75	100	6
bc4301e9-9b45-4464-81af-2f180218a093	1.97408496130327	debd54b6-d961-4098-9292-c51a80caefb2	2.5	4	75	6
79d48cba-971b-453e-8c5c-8c2bcade78a0	1.88896658104296	debd54b6-d961-4098-9292-c51a80caefb2	2.5	4	75	6
9ced877c-497e-45b6-9549-562c758e00fa	2.23003867325765	9ced877c-497e-45b6-9549-562c758e00fa	1	4.25	100	7
694a4a01-56e0-494a-b030-0d2757edb4c1	2.0132427476324	9ced877c-497e-45b6-9549-562c758e00fa	1	4.25	75	7
76a55b6c-21bd-4ce7-b9c7-dd3ae6340804	1.80579218909365	686509c1-fdca-4255-95fa-005b4947a0d1	2.25	4.5	75	7
0f667ec6-d35a-4ec1-945f-921a64be56a3	1.77674623568845	10a30e85-8a3e-44fb-abba-fd62244ea179	4.75	5	100	7
bc4301e9-9b45-4464-81af-2f180218a093	1.70248929314884	686509c1-fdca-4255-95fa-005b4947a0d1	2.25	4.5	100	7
79d48cba-971b-453e-8c5c-8c2bcade78a0	1.62908154614579	686509c1-fdca-4255-95fa-005b4947a0d1	2.25	4.5	100	7
694a4a01-56e0-494a-b030-0d2757edb4c1	2.85939142932854	61fdf88b-1db1-463f-baeb-848a9a1f815d	1.5	4.75	75	8
694a4a01-56e0-494a-b030-0d2757edb4c1	2.85939142932854	eefed63b-8eeb-431b-bb50-63c25798ea83	1.5	3.25	75	8
a41e2539-2194-4da3-8618-b1f5c7410576	2.79681942805697	8d1e7ea2-26e3-4693-ac85-0c975dac9448	2.75	5	75	8
eefed63b-8eeb-431b-bb50-63c25798ea83	2.64630652301009	61fdf88b-1db1-463f-baeb-848a9a1f815d	1.5	4.75	100	8
eefed63b-8eeb-431b-bb50-63c25798ea83	2.64630652301009	eefed63b-8eeb-431b-bb50-63c25798ea83	1.5	3.25	100	8
8d1e7ea2-26e3-4693-ac85-0c975dac9448	2.62200569198798	8d1e7ea2-26e3-4693-ac85-0c975dac9448	2.75	5	100	8
76a55b6c-21bd-4ce7-b9c7-dd3ae6340804	2.56475118602903	534235e5-91a6-4d11-b984-96ff5932c823	2.25	5	75	8
0f667ec6-d35a-4ec1-945f-921a64be56a3	2.52349747289541	0f667ec6-d35a-4ec1-945f-921a64be56a3	4.75	5	100	8
bc4301e9-9b45-4464-81af-2f180218a093	2.41803096553957	534235e5-91a6-4d11-b984-96ff5932c823	2.25	5	100	8
79d48cba-971b-453e-8c5c-8c2bcade78a0	2.31377056930506	534235e5-91a6-4d11-b984-96ff5932c823	2.25	5	100	8
694a4a01-56e0-494a-b030-0d2757edb4c1	2.81410562743744	eefed63b-8eeb-431b-bb50-63c25798ea83	1.5	5	75	9
a41e2539-2194-4da3-8618-b1f5c7410576	2.75252460587978	a41e2539-2194-4da3-8618-b1f5c7410576	3	5	100	9
a41e2539-2194-4da3-8618-b1f5c7410576	2.75252460587978	f13bb7bb-9260-4400-affa-377c7236cda2	3.25	1.75	75	9
a41e2539-2194-4da3-8618-b1f5c7410576	2.75252460587978	8d1e7ea2-26e3-4693-ac85-0c975dac9448	2.75	5	75	9
20c132ad-0c7c-41bf-a35c-5a95fa87892a	2.61757732321583	f13bb7bb-9260-4400-affa-377c7236cda2	3.25	1.75	75	9
20c132ad-0c7c-41bf-a35c-5a95fa87892a	2.61757732321583	20c132ad-0c7c-41bf-a35c-5a95fa87892a	3.5	5	100	9
eefed63b-8eeb-431b-bb50-63c25798ea83	2.60439545917414	eefed63b-8eeb-431b-bb50-63c25798ea83	1.5	5	100	9
8d1e7ea2-26e3-4693-ac85-0c975dac9448	2.58047949402254	a41e2539-2194-4da3-8618-b1f5c7410576	3	5	75	9
8d1e7ea2-26e3-4693-ac85-0c975dac9448	2.58047949402254	8d1e7ea2-26e3-4693-ac85-0c975dac9448	2.75	5	100	9
20c132ad-0c7c-41bf-a35c-5a95fa87892a	1.49697534227158	20c132ad-0c7c-41bf-a35c-5a95fa87892a	3.5	3	100	10
8d1e7ea2-26e3-4693-ac85-0c975dac9448	1.47575933532225	d86aef28-5ee7-4fd9-9a9b-de8cc06c4557	2.5	3.75	75	10
76a55b6c-21bd-4ce7-b9c7-dd3ae6340804	1.44353443555185	21bb91af-fb89-4f9b-a2ac-be9e84807e6d	2	3	100	10
76a55b6c-21bd-4ce7-b9c7-dd3ae6340804	1.44353443555185	534235e5-91a6-4d11-b984-96ff5932c823	2.25	1.25	75	10
bc4301e9-9b45-4464-81af-2f180218a093	1.36095500415697	21bb91af-fb89-4f9b-a2ac-be9e84807e6d	2	3	75	10
bc4301e9-9b45-4464-81af-2f180218a093	1.36095500415697	d86aef28-5ee7-4fd9-9a9b-de8cc06c4557	2.5	3.75	75	10
bc4301e9-9b45-4464-81af-2f180218a093	1.36095500415697	534235e5-91a6-4d11-b984-96ff5932c823	2.25	1.25	100	10
79d48cba-971b-453e-8c5c-8c2bcade78a0	1.30227349430083	21bb91af-fb89-4f9b-a2ac-be9e84807e6d	2	3	75	10
79d48cba-971b-453e-8c5c-8c2bcade78a0	1.30227349430083	d86aef28-5ee7-4fd9-9a9b-de8cc06c4557	2.5	3.75	75	10
79d48cba-971b-453e-8c5c-8c2bcade78a0	1.30227349430083	534235e5-91a6-4d11-b984-96ff5932c823	2.25	1.25	100	10
9ced877c-497e-45b6-9549-562c758e00fa	2.64980894402858	9ced877c-497e-45b6-9549-562c758e00fa	1	3.25	100	11
694a4a01-56e0-494a-b030-0d2757edb4c1	2.39220454339514	9ced877c-497e-45b6-9549-562c758e00fa	1	3.25	75	11
a41e2539-2194-4da3-8618-b1f5c7410576	2.33985597557604	86f75337-2fd7-4ef8-9c35-e1035f5482e4	2.75	4.25	75	11
eefed63b-8eeb-431b-bb50-63c25798ea83	2.21393489363716	3b947680-2625-4e70-a715-5acf8491b309	1.75	3.75	75	11
8d1e7ea2-26e3-4693-ac85-0c975dac9448	2.19360449998918	d86aef28-5ee7-4fd9-9a9b-de8cc06c4557	2.5	4	75	11
8d1e7ea2-26e3-4693-ac85-0c975dac9448	2.19360449998918	86f75337-2fd7-4ef8-9c35-e1035f5482e4	2.75	4.25	100	11
76a55b6c-21bd-4ce7-b9c7-dd3ae6340804	2.14570462561822	bc4301e9-9b45-4464-81af-2f180218a093	2.25	4.5	75	11
76a55b6c-21bd-4ce7-b9c7-dd3ae6340804	2.14570462561822	3b947680-2625-4e70-a715-5acf8491b309	1.75	3.75	75	11
bc4301e9-9b45-4464-81af-2f180218a093	2.02295655800907	bc4301e9-9b45-4464-81af-2f180218a093	2.25	4.5	100	11
bc4301e9-9b45-4464-81af-2f180218a093	2.02295655800907	d86aef28-5ee7-4fd9-9a9b-de8cc06c4557	2.5	4	75	11
79d48cba-971b-453e-8c5c-8c2bcade78a0	1.93573093823817	bc4301e9-9b45-4464-81af-2f180218a093	2.25	4.5	100	11
79d48cba-971b-453e-8c5c-8c2bcade78a0	1.93573093823817	d86aef28-5ee7-4fd9-9a9b-de8cc06c4557	2.5	4	75	11
9ced877c-497e-45b6-9549-562c758e00fa	3.21847330716112	694a4a01-56e0-494a-b030-0d2757edb4c1	1.25	5	75	12
694a4a01-56e0-494a-b030-0d2757edb4c1	2.90558550859395	694a4a01-56e0-494a-b030-0d2757edb4c1	1.25	5	100	12
20c132ad-0c7c-41bf-a35c-5a95fa87892a	2.70266853747296	20c132ad-0c7c-41bf-a35c-5a95fa87892a	3.5	5	100	12
eefed63b-8eeb-431b-bb50-63c25798ea83	2.6890581557254	694a4a01-56e0-494a-b030-0d2757edb4c1	1.25	5	75	12
8d1e7ea2-26e3-4693-ac85-0c975dac9448	2.66436474880111	d86aef28-5ee7-4fd9-9a9b-de8cc06c4557	2.5	3.75	75	12
76a55b6c-21bd-4ce7-b9c7-dd3ae6340804	2.60618528161617	21bb91af-fb89-4f9b-a2ac-be9e84807e6d	2	4.75	100	12
76a55b6c-21bd-4ce7-b9c7-dd3ae6340804	2.60618528161617	534235e5-91a6-4d11-b984-96ff5932c823	2.25	4.5	75	12
bc4301e9-9b45-4464-81af-2f180218a093	2.45709476841723	21bb91af-fb89-4f9b-a2ac-be9e84807e6d	2	4.75	75	12
bc4301e9-9b45-4464-81af-2f180218a093	2.45709476841723	d86aef28-5ee7-4fd9-9a9b-de8cc06c4557	2.5	3.75	75	12
bc4301e9-9b45-4464-81af-2f180218a093	2.45709476841723	534235e5-91a6-4d11-b984-96ff5932c823	2.25	4.5	100	12
79d48cba-971b-453e-8c5c-8c2bcade78a0	2.35115002299016	21bb91af-fb89-4f9b-a2ac-be9e84807e6d	2	4.75	75	12
79d48cba-971b-453e-8c5c-8c2bcade78a0	2.35115002299016	d86aef28-5ee7-4fd9-9a9b-de8cc06c4557	2.5	3.75	75	12
79d48cba-971b-453e-8c5c-8c2bcade78a0	2.35115002299016	534235e5-91a6-4d11-b984-96ff5932c823	2.25	4.5	100	12
9ced877c-497e-45b6-9549-562c758e00fa	3.23688691030705	694a4a01-56e0-494a-b030-0d2757edb4c1	1.25	5	75	13
694a4a01-56e0-494a-b030-0d2757edb4c1	2.92220900371218	694a4a01-56e0-494a-b030-0d2757edb4c1	1.25	5	100	13
eefed63b-8eeb-431b-bb50-63c25798ea83	2.7044428482188	694a4a01-56e0-494a-b030-0d2757edb4c1	1.25	5	75	13
76a55b6c-21bd-4ce7-b9c7-dd3ae6340804	2.62109583810695	79d48cba-971b-453e-8c5c-8c2bcade78a0	2.25	5	75	13
76a55b6c-21bd-4ce7-b9c7-dd3ae6340804	2.62109583810695	76a55b6c-21bd-4ce7-b9c7-dd3ae6340804	2	4.75	100	13
0f667ec6-d35a-4ec1-945f-921a64be56a3	2.57893582579244	d6169755-eb0d-4ffe-8b01-397bf3e48f8b	4.5	3	75	13
0f667ec6-d35a-4ec1-945f-921a64be56a3	2.57893582579244	0f667ec6-d35a-4ec1-945f-921a64be56a3	4.75	5	100	13
bc4301e9-9b45-4464-81af-2f180218a093	2.47115234460356	79d48cba-971b-453e-8c5c-8c2bcade78a0	2.25	5	100	13
bc4301e9-9b45-4464-81af-2f180218a093	2.47115234460356	76a55b6c-21bd-4ce7-b9c7-dd3ae6340804	2	4.75	75	13
79d48cba-971b-453e-8c5c-8c2bcade78a0	2.36460147544165	79d48cba-971b-453e-8c5c-8c2bcade78a0	2.25	5	100	13
79d48cba-971b-453e-8c5c-8c2bcade78a0	2.36460147544165	76a55b6c-21bd-4ce7-b9c7-dd3ae6340804	2	4.75	75	13
9ced877c-497e-45b6-9549-562c758e00fa	2.64507508246346	9ced877c-497e-45b6-9549-562c758e00fa	1	3.25	100	14
9ced877c-497e-45b6-9549-562c758e00fa	2.64507508246346	75291c0b-2d30-401a-b568-6147335d88a5	1	5	100	14
694a4a01-56e0-494a-b030-0d2757edb4c1	2.38793089047984	9ced877c-497e-45b6-9549-562c758e00fa	1	3.25	75	14
694a4a01-56e0-494a-b030-0d2757edb4c1	2.38793089047984	75291c0b-2d30-401a-b568-6147335d88a5	1	5	75	14
20c132ad-0c7c-41bf-a35c-5a95fa87892a	2.22116529676287	c86f19a7-4709-4fee-a534-cbb721186c55	3.5	4.5	100	14
0f667ec6-d35a-4ec1-945f-921a64be56a3	2.10741959481781	0f667ec6-d35a-4ec1-945f-921a64be56a3	4.75	5	100	14
9ced877c-497e-45b6-9549-562c758e00fa	2.55263423962398	9ced877c-497e-45b6-9549-562c758e00fa	1	3	100	15
694a4a01-56e0-494a-b030-0d2757edb4c1	2.30447677794618	9ced877c-497e-45b6-9549-562c758e00fa	1	3	75	15
20c132ad-0c7c-41bf-a35c-5a95fa87892a	2.14353936628965	20c132ad-0c7c-41bf-a35c-5a95fa87892a	3.5	5	100	15
8d1e7ea2-26e3-4693-ac85-0c975dac9448	2.11315987286021	debd54b6-d961-4098-9292-c51a80caefb2	2.5	4	75	15
76a55b6c-21bd-4ce7-b9c7-dd3ae6340804	2.06701660000639	76a55b6c-21bd-4ce7-b9c7-dd3ae6340804	2	4.75	100	15
bc4301e9-9b45-4464-81af-2f180218a093	1.94876999150382	76a55b6c-21bd-4ce7-b9c7-dd3ae6340804	2	4.75	75	15
bc4301e9-9b45-4464-81af-2f180218a093	1.94876999150382	debd54b6-d961-4098-9292-c51a80caefb2	2.5	4	75	15
79d48cba-971b-453e-8c5c-8c2bcade78a0	1.86474314035899	76a55b6c-21bd-4ce7-b9c7-dd3ae6340804	2	4.75	75	15
79d48cba-971b-453e-8c5c-8c2bcade78a0	1.86474314035899	debd54b6-d961-4098-9292-c51a80caefb2	2.5	4	75	15
9ced877c-497e-45b6-9549-562c758e00fa	3.11096992701157	75291c0b-2d30-401a-b568-6147335d88a5	1	5	100	16
694a4a01-56e0-494a-b030-0d2757edb4c1	2.80853319925471	75291c0b-2d30-401a-b568-6147335d88a5	1	5	75	16
eefed63b-8eeb-431b-bb50-63c25798ea83	2.59923829436832	ff492b4b-9780-4b6a-8035-afafaf1a0b7b	1.75	4.25	75	16
76a55b6c-21bd-4ce7-b9c7-dd3ae6340804	2.51913353160887	ff492b4b-9780-4b6a-8035-afafaf1a0b7b	1.75	4.25	75	16
76a55b6c-21bd-4ce7-b9c7-dd3ae6340804	2.51913353160887	79d48cba-971b-453e-8c5c-8c2bcade78a0	2.25	5	75	16
0f667ec6-d35a-4ec1-945f-921a64be56a3	2.47861356914469	d232afdb-9adc-4d08-bfab-7996be42e53e	5	3.75	75	16
0f667ec6-d35a-4ec1-945f-921a64be56a3	2.47861356914469	0f667ec6-d35a-4ec1-945f-921a64be56a3	4.75	4.5	100	16
bc4301e9-9b45-4464-81af-2f180218a093	2.37502293514629	79d48cba-971b-453e-8c5c-8c2bcade78a0	2.25	5	100	16
79d48cba-971b-453e-8c5c-8c2bcade78a0	2.27261695532465	79d48cba-971b-453e-8c5c-8c2bcade78a0	2.25	5	100	16
9ced877c-497e-45b6-9549-562c758e00fa	3.01284119103672	9ced877c-497e-45b6-9549-562c758e00fa	1	5	100	17
694a4a01-56e0-494a-b030-0d2757edb4c1	2.71994416841654	9ced877c-497e-45b6-9549-562c758e00fa	1	5	75	17
694a4a01-56e0-494a-b030-0d2757edb4c1	2.71994416841654	eefed63b-8eeb-431b-bb50-63c25798ea83	1.5	3.25	75	17
a41e2539-2194-4da3-8618-b1f5c7410576	2.66042366763983	f13bb7bb-9260-4400-affa-377c7236cda2	3.25	3.75	75	17
20c132ad-0c7c-41bf-a35c-5a95fa87892a	2.52999179663172	f13bb7bb-9260-4400-affa-377c7236cda2	3.25	3.75	75	17
eefed63b-8eeb-431b-bb50-63c25798ea83	2.51725101995719	eefed63b-8eeb-431b-bb50-63c25798ea83	1.5	3.25	100	17
76a55b6c-21bd-4ce7-b9c7-dd3ae6340804	2.43967296988189	76a55b6c-21bd-4ce7-b9c7-dd3ae6340804	2	4.75	100	17
bc4301e9-9b45-4464-81af-2f180218a093	2.30010802866478	76a55b6c-21bd-4ce7-b9c7-dd3ae6340804	2	4.75	75	17
79d48cba-971b-453e-8c5c-8c2bcade78a0	2.20093221934635	76a55b6c-21bd-4ce7-b9c7-dd3ae6340804	2	4.75	75	17
9ced877c-497e-45b6-9549-562c758e00fa	3.1626788291646	9ced877c-497e-45b6-9549-562c758e00fa	1	4.75	100	18
694a4a01-56e0-494a-b030-0d2757edb4c1	2.85521515497135	9ced877c-497e-45b6-9549-562c758e00fa	1	4.75	75	18
a41e2539-2194-4da3-8618-b1f5c7410576	2.79273453568934	a41e2539-2194-4da3-8618-b1f5c7410576	3	5	100	18
20c132ad-0c7c-41bf-a35c-5a95fa87892a	2.65581589097069	c86f19a7-4709-4fee-a534-cbb721186c55	3.5	3.5	100	18
eefed63b-8eeb-431b-bb50-63c25798ea83	2.64244145672619	ff492b4b-9780-4b6a-8035-afafaf1a0b7b	1.75	4.75	75	18
8d1e7ea2-26e3-4693-ac85-0c975dac9448	2.61817612392119	a41e2539-2194-4da3-8618-b1f5c7410576	3	5	75	18
8d1e7ea2-26e3-4693-ac85-0c975dac9448	2.61817612392119	debd54b6-d961-4098-9292-c51a80caefb2	2.5	5	75	18
76a55b6c-21bd-4ce7-b9c7-dd3ae6340804	2.5610052378239	ff492b4b-9780-4b6a-8035-afafaf1a0b7b	1.75	4.75	75	18
bc4301e9-9b45-4464-81af-2f180218a093	2.41449930718616	debd54b6-d961-4098-9292-c51a80caefb2	2.5	5	75	18
79d48cba-971b-453e-8c5c-8c2bcade78a0	2.31039119217045	debd54b6-d961-4098-9292-c51a80caefb2	2.5	5	75	18
9ced877c-497e-45b6-9549-562c758e00fa	2.99439997558565	694a4a01-56e0-494a-b030-0d2757edb4c1	1.25	5	75	19
694a4a01-56e0-494a-b030-0d2757edb4c1	2.70329573737772	694a4a01-56e0-494a-b030-0d2757edb4c1	1.25	5	100	19
694a4a01-56e0-494a-b030-0d2757edb4c1	2.70329573737772	eefed63b-8eeb-431b-bb50-63c25798ea83	1.5	4	75	19
eefed63b-8eeb-431b-bb50-63c25798ea83	2.50184324074879	694a4a01-56e0-494a-b030-0d2757edb4c1	1.25	5	75	19
eefed63b-8eeb-431b-bb50-63c25798ea83	2.50184324074879	eefed63b-8eeb-431b-bb50-63c25798ea83	1.5	4	100	19
76a55b6c-21bd-4ce7-b9c7-dd3ae6340804	2.42474005307647	21bb91af-fb89-4f9b-a2ac-be9e84807e6d	2	4.75	100	19
0f667ec6-d35a-4ec1-945f-921a64be56a3	2.385738398117	d6169755-eb0d-4ffe-8b01-397bf3e48f8b	4.5	3.25	75	19
bc4301e9-9b45-4464-81af-2f180218a093	2.28602937107201	21bb91af-fb89-4f9b-a2ac-be9e84807e6d	2	4.75	75	19
79d48cba-971b-453e-8c5c-8c2bcade78a0	2.18746060238747	21bb91af-fb89-4f9b-a2ac-be9e84807e6d	2	4.75	75	19
9ced877c-497e-45b6-9549-562c758e00fa	2.9519183196341	9ced877c-497e-45b6-9549-562c758e00fa	1	5	100	20
694a4a01-56e0-494a-b030-0d2757edb4c1	2.66494398593281	9ced877c-497e-45b6-9549-562c758e00fa	1	5	75	20
a41e2539-2194-4da3-8618-b1f5c7410576	2.60662706510432	a41e2539-2194-4da3-8618-b1f5c7410576	3	5	100	20
a41e2539-2194-4da3-8618-b1f5c7410576	2.60662706510432	f13bb7bb-9260-4400-affa-377c7236cda2	3.25	4.25	75	20
20c132ad-0c7c-41bf-a35c-5a95fa87892a	2.47883266225144	f13bb7bb-9260-4400-affa-377c7236cda2	3.25	4.25	75	20
20c132ad-0c7c-41bf-a35c-5a95fa87892a	2.47883266225144	37b95289-ea7b-4686-b2d2-7ab47fe22aec	3.75	3.75	75	20
8d1e7ea2-26e3-4693-ac85-0c975dac9448	2.4437012029334	a41e2539-2194-4da3-8618-b1f5c7410576	3	5	75	20
0f667ec6-d35a-4ec1-945f-921a64be56a3	2.35189184374883	d6169755-eb0d-4ffe-8b01-397bf3e48f8b	4.5	3	75	20
9ced877c-497e-45b6-9549-562c758e00fa	2.36056793704702	9ced877c-497e-45b6-9549-562c758e00fa	1	4.75	100	21
694a4a01-56e0-494a-b030-0d2757edb4c1	2.1310824519339	9ced877c-497e-45b6-9549-562c758e00fa	1	4.75	75	21
a41e2539-2194-4da3-8618-b1f5c7410576	2.08444801316898	68171ad7-2b47-4d86-b0bc-1cd6ad9b6cba	2.75	4	75	21
8d1e7ea2-26e3-4693-ac85-0c975dac9448	1.95416067952693	68171ad7-2b47-4d86-b0bc-1cd6ad9b6cba	2.75	4	100	21
76a55b6c-21bd-4ce7-b9c7-dd3ae6340804	1.91148933654708	686509c1-fdca-4255-95fa-005b4947a0d1	2.25	2.5	75	21
0f667ec6-d35a-4ec1-945f-921a64be56a3	1.88074325970307	b47e7d4f-b0ca-48f0-97c5-cf61fe21295b	4.5	2.75	75	21
0f667ec6-d35a-4ec1-945f-921a64be56a3	1.88074325970307	10a30e85-8a3e-44fb-abba-fd62244ea179	4.75	3.5	100	21
bc4301e9-9b45-4464-81af-2f180218a093	1.80213988596448	686509c1-fdca-4255-95fa-005b4947a0d1	2.25	2.5	100	21
79d48cba-971b-453e-8c5c-8c2bcade78a0	1.72443541373241	686509c1-fdca-4255-95fa-005b4947a0d1	2.25	2.5	100	21
9ced877c-497e-45b6-9549-562c758e00fa	2.74803216770473	64c7b186-de40-4cad-a1f6-dffe7142c990	1	5	100	22
694a4a01-56e0-494a-b030-0d2757edb4c1	2.48228720804981	64c7b186-de40-4cad-a1f6-dffe7142c990	1	5	75	22
a41e2539-2194-4da3-8618-b1f5c7410576	2.42839429326377	f13bb7bb-9260-4400-affa-377c7236cda2	3.25	3	75	22
a41e2539-2194-4da3-8618-b1f5c7410576	2.42839429326377	86f75337-2fd7-4ef8-9c35-e1035f5482e4	2.75	3.75	75	22
20c132ad-0c7c-41bf-a35c-5a95fa87892a	2.30973540321944	f13bb7bb-9260-4400-affa-377c7236cda2	3.25	3	75	22
8d1e7ea2-26e3-4693-ac85-0c975dac9448	2.27771744290457	86f75337-2fd7-4ef8-9c35-e1035f5482e4	2.75	3.75	100	22
76a55b6c-21bd-4ce7-b9c7-dd3ae6340804	2.22753842557555	686509c1-fdca-4255-95fa-005b4947a0d1	2.25	3.5	75	22
76a55b6c-21bd-4ce7-b9c7-dd3ae6340804	2.22753842557555	79d48cba-971b-453e-8c5c-8c2bcade78a0	2.25	4.5	75	22
79d48cba-971b-453e-8c5c-8c2bcade78a0	2.10645293342127	686509c1-fdca-4255-95fa-005b4947a0d1	2.25	3.5	100	22
79d48cba-971b-453e-8c5c-8c2bcade78a0	2.10645293342127	79d48cba-971b-453e-8c5c-8c2bcade78a0	2.25	4.5	100	22
bc4301e9-9b45-4464-81af-2f180218a093	2.09885851549677	686509c1-fdca-4255-95fa-005b4947a0d1	2.25	3.5	100	22
bc4301e9-9b45-4464-81af-2f180218a093	2.09885851549677	79d48cba-971b-453e-8c5c-8c2bcade78a0	2.25	4.5	100	22
9ced877c-497e-45b6-9549-562c758e00fa	3.34174224595831	64c7b186-de40-4cad-a1f6-dffe7142c990	1	5	100	23
9ced877c-497e-45b6-9549-562c758e00fa	3.34174224595831	9ced877c-497e-45b6-9549-562c758e00fa	1	5	100	23
694a4a01-56e0-494a-b030-0d2757edb4c1	2.90805539174993	64c7b186-de40-4cad-a1f6-dffe7142c990	1	5	75	23
694a4a01-56e0-494a-b030-0d2757edb4c1	2.90805539174993	9ced877c-497e-45b6-9549-562c758e00fa	1	5	75	23
0f667ec6-d35a-4ec1-945f-921a64be56a3	2.69211854636085	0f667ec6-d35a-4ec1-945f-921a64be56a3	4.75	4	100	23
eefed63b-8eeb-431b-bb50-63c25798ea83	2.68721422981427	3b947680-2625-4e70-a715-5acf8491b309	1.75	4.75	75	23
bc4301e9-9b45-4464-81af-2f180218a093	2.68640739330721	bc4301e9-9b45-4464-81af-2f180218a093	2.25	4.75	100	23
76a55b6c-21bd-4ce7-b9c7-dd3ae6340804	2.60778219124251	bc4301e9-9b45-4464-81af-2f180218a093	2.25	4.75	75	23
76a55b6c-21bd-4ce7-b9c7-dd3ae6340804	2.60778219124251	3b947680-2625-4e70-a715-5acf8491b309	1.75	4.75	75	23
79d48cba-971b-453e-8c5c-8c2bcade78a0	2.36332645774564	bc4301e9-9b45-4464-81af-2f180218a093	2.25	4.75	100	23
694a4a01-56e0-494a-b030-0d2757edb4c1	2.99036863720816	eefed63b-8eeb-431b-bb50-63c25798ea83	1.5	5	75	24
eefed63b-8eeb-431b-bb50-63c25798ea83	2.94698374720255	3b947680-2625-4e70-a715-5acf8491b309	1.75	4	75	24
eefed63b-8eeb-431b-bb50-63c25798ea83	2.94698374720255	eefed63b-8eeb-431b-bb50-63c25798ea83	1.5	5	100	24
20c132ad-0c7c-41bf-a35c-5a95fa87892a	2.78341321497237	c86f19a7-4709-4fee-a534-cbb721186c55	3.5	4.5	100	24
76a55b6c-21bd-4ce7-b9c7-dd3ae6340804	2.6816470748141	bc4301e9-9b45-4464-81af-2f180218a093	2.25	5	75	24
76a55b6c-21bd-4ce7-b9c7-dd3ae6340804	2.6816470748141	3b947680-2625-4e70-a715-5acf8491b309	1.75	4	75	24
0f667ec6-d35a-4ec1-945f-921a64be56a3	2.67306160034712	0f667ec6-d35a-4ec1-945f-921a64be56a3	4.75	5	100	24
bc4301e9-9b45-4464-81af-2f180218a093	2.57236670641731	bc4301e9-9b45-4464-81af-2f180218a093	2.25	5	100	24
79d48cba-971b-453e-8c5c-8c2bcade78a0	2.41859370390136	bc4301e9-9b45-4464-81af-2f180218a093	2.25	5	100	24
694a4a01-56e0-494a-b030-0d2757edb4c1	2.31500940583185	eefed63b-8eeb-431b-bb50-63c25798ea83	1.5	5	75	25
eefed63b-8eeb-431b-bb50-63c25798ea83	2.2136228909261	eefed63b-8eeb-431b-bb50-63c25798ea83	1.5	5	100	25
8d1e7ea2-26e3-4693-ac85-0c975dac9448	2.12287470721382	d86aef28-5ee7-4fd9-9a9b-de8cc06c4557	2.5	4.25	75	25
8d1e7ea2-26e3-4693-ac85-0c975dac9448	2.12287470721382	debd54b6-d961-4098-9292-c51a80caefb2	2.5	3	75	25
0f667ec6-d35a-4ec1-945f-921a64be56a3	2.05896636129797	c9dee854-7133-47fe-842d-ea4ecc47f8d9	5	1.5	75	25
bc4301e9-9b45-4464-81af-2f180218a093	1.97259688961209	d86aef28-5ee7-4fd9-9a9b-de8cc06c4557	2.5	4.25	75	25
bc4301e9-9b45-4464-81af-2f180218a093	1.97259688961209	debd54b6-d961-4098-9292-c51a80caefb2	2.5	3	75	25
d86aef28-5ee7-4fd9-9a9b-de8cc06c4557	1.91380617345035	d86aef28-5ee7-4fd9-9a9b-de8cc06c4557	2.5	4.25	100	25
d86aef28-5ee7-4fd9-9a9b-de8cc06c4557	1.91380617345035	debd54b6-d961-4098-9292-c51a80caefb2	2.5	3	100	25
9ced877c-497e-45b6-9549-562c758e00fa	3.2014489851334	694a4a01-56e0-494a-b030-0d2757edb4c1	1.25	5	75	26
694a4a01-56e0-494a-b030-0d2757edb4c1	3.06739042845005	694a4a01-56e0-494a-b030-0d2757edb4c1	1.25	5	100	26
8d1e7ea2-26e3-4693-ac85-0c975dac9448	2.86928547723017	86f75337-2fd7-4ef8-9c35-e1035f5482e4	2.75	3	100	26
8d1e7ea2-26e3-4693-ac85-0c975dac9448	2.86928547723017	8d1e7ea2-26e3-4693-ac85-0c975dac9448	2.75	5	100	26
8d1e7ea2-26e3-4693-ac85-0c975dac9448	2.86928547723017	debd54b6-d961-4098-9292-c51a80caefb2	2.5	5	75	26
a41e2539-2194-4da3-8618-b1f5c7410576	2.82894048243809	86f75337-2fd7-4ef8-9c35-e1035f5482e4	2.75	3	75	26
a41e2539-2194-4da3-8618-b1f5c7410576	2.82894048243809	8d1e7ea2-26e3-4693-ac85-0c975dac9448	2.75	5	75	26
eefed63b-8eeb-431b-bb50-63c25798ea83	2.71360588555601	694a4a01-56e0-494a-b030-0d2757edb4c1	1.25	5	75	26
bc4301e9-9b45-4464-81af-2f180218a093	2.44626959637792	debd54b6-d961-4098-9292-c51a80caefb2	2.5	5	75	26
79d48cba-971b-453e-8c5c-8c2bcade78a0	2.34201492950392	debd54b6-d961-4098-9292-c51a80caefb2	2.5	5	75	26
9ced877c-497e-45b6-9549-562c758e00fa	2.85396486654264	64c7b186-de40-4cad-a1f6-dffe7142c990	1	5	100	27
694a4a01-56e0-494a-b030-0d2757edb4c1	2.58034689680023	64c7b186-de40-4cad-a1f6-dffe7142c990	1	5	75	27
a41e2539-2194-4da3-8618-b1f5c7410576	2.51699968028865	68171ad7-2b47-4d86-b0bc-1cd6ad9b6cba	2.75	5	75	27
a41e2539-2194-4da3-8618-b1f5c7410576	2.51699968028865	f13bb7bb-9260-4400-affa-377c7236cda2	3.25	4	75	27
20c132ad-0c7c-41bf-a35c-5a95fa87892a	2.39501180494336	f13bb7bb-9260-4400-affa-377c7236cda2	3.25	4	75	27
8d1e7ea2-26e3-4693-ac85-0c975dac9448	2.36737263408924	68171ad7-2b47-4d86-b0bc-1cd6ad9b6cba	2.75	5	100	27
9ced877c-497e-45b6-9549-562c758e00fa	2.81542038697328	694a4a01-56e0-494a-b030-0d2757edb4c1	1.25	5	75	28
694a4a01-56e0-494a-b030-0d2757edb4c1	2.70464919693735	694a4a01-56e0-494a-b030-0d2757edb4c1	1.25	5	100	28
76a55b6c-21bd-4ce7-b9c7-dd3ae6340804	2.46190355959364	76a55b6c-21bd-4ce7-b9c7-dd3ae6340804	2	4.75	100	28
0f667ec6-d35a-4ec1-945f-921a64be56a3	2.38189847834349	83bb2a15-d8bc-4265-bb49-2a018278891a	5	3.5	75	28
0f667ec6-d35a-4ec1-945f-921a64be56a3	2.38189847834349	b47e7d4f-b0ca-48f0-97c5-cf61fe21295b	4.5	2.25	75	28
0f667ec6-d35a-4ec1-945f-921a64be56a3	2.38189847834349	0f667ec6-d35a-4ec1-945f-921a64be56a3	4.75	4.25	100	28
eefed63b-8eeb-431b-bb50-63c25798ea83	2.35401448039756	694a4a01-56e0-494a-b030-0d2757edb4c1	1.25	5	75	28
bc4301e9-9b45-4464-81af-2f180218a093	2.15315691113106	76a55b6c-21bd-4ce7-b9c7-dd3ae6340804	2	4.75	75	28
79d48cba-971b-453e-8c5c-8c2bcade78a0	2.05718601200869	76a55b6c-21bd-4ce7-b9c7-dd3ae6340804	2	4.75	75	28
a41e2539-2194-4da3-8618-b1f5c7410576	2.20647310557241	a41e2539-2194-4da3-8618-b1f5c7410576	3	5	100	29
a41e2539-2194-4da3-8618-b1f5c7410576	2.20647310557241	86f75337-2fd7-4ef8-9c35-e1035f5482e4	2.75	2.5	75	29
20c132ad-0c7c-41bf-a35c-5a95fa87892a	1.96003620324809	c86f19a7-4709-4fee-a534-cbb721186c55	3.5	2.5	100	29
eefed63b-8eeb-431b-bb50-63c25798ea83	1.94783814747923	3b947680-2625-4e70-a715-5acf8491b309	1.75	3.5	75	29
8d1e7ea2-26e3-4693-ac85-0c975dac9448	1.93142052702654	a41e2539-2194-4da3-8618-b1f5c7410576	3	5	75	29
8d1e7ea2-26e3-4693-ac85-0c975dac9448	1.93142052702654	86f75337-2fd7-4ef8-9c35-e1035f5482e4	2.75	2.5	100	29
76a55b6c-21bd-4ce7-b9c7-dd3ae6340804	1.88906607576391	3b947680-2625-4e70-a715-5acf8491b309	1.75	3.5	75	29
0f667ec6-d35a-4ec1-945f-921a64be56a3	1.86178320174162	b47e7d4f-b0ca-48f0-97c5-cf61fe21295b	4.5	3	75	29
694a4a01-56e0-494a-b030-0d2757edb4c1	2.43616440313895	61fdf88b-1db1-463f-baeb-848a9a1f815d	1.5	4.25	75	30
a41e2539-2194-4da3-8618-b1f5c7410576	2.40406070952034	a41e2539-2194-4da3-8618-b1f5c7410576	3	4.25	100	30
a41e2539-2194-4da3-8618-b1f5c7410576	2.40406070952034	f73b79c3-6390-4cdb-a96a-0a2fae700005	3.25	2.5	75	30
a41e2539-2194-4da3-8618-b1f5c7410576	2.40406070952034	8d1e7ea2-26e3-4693-ac85-0c975dac9448	2.75	4.75	75	30
8d1e7ea2-26e3-4693-ac85-0c975dac9448	2.40229415615861	a41e2539-2194-4da3-8618-b1f5c7410576	3	4.25	75	30
8d1e7ea2-26e3-4693-ac85-0c975dac9448	2.40229415615861	8d1e7ea2-26e3-4693-ac85-0c975dac9448	2.75	4.75	100	30
20c132ad-0c7c-41bf-a35c-5a95fa87892a	2.26717011544282	f73b79c3-6390-4cdb-a96a-0a2fae700005	3.25	2.5	75	30
eefed63b-8eeb-431b-bb50-63c25798ea83	2.25425598483293	61fdf88b-1db1-463f-baeb-848a9a1f815d	1.5	4.25	100	30
eefed63b-8eeb-431b-bb50-63c25798ea83	2.25425598483293	3b947680-2625-4e70-a715-5acf8491b309	1.75	3.25	75	30
76a55b6c-21bd-4ce7-b9c7-dd3ae6340804	2.18472950039645	3b947680-2625-4e70-a715-5acf8491b309	1.75	3.25	75	30
61fdf88b-1db1-463f-baeb-848a9a1f815d	2.07643561364444	61fdf88b-1db1-463f-baeb-848a9a1f815d	1.5	4.25	100	30
61fdf88b-1db1-463f-baeb-848a9a1f815d	2.07643561364444	3b947680-2625-4e70-a715-5acf8491b309	1.75	3.25	75	30
9ced877c-497e-45b6-9549-562c758e00fa	4.89147770453012	64c7b186-de40-4cad-a1f6-dffe7142c990	1	5	100	31
9ced877c-497e-45b6-9549-562c758e00fa	4.89147770453012	694a4a01-56e0-494a-b030-0d2757edb4c1	1.25	5	75	31
9ced877c-497e-45b6-9549-562c758e00fa	4.89147770453012	9ced877c-497e-45b6-9549-562c758e00fa	1	5	100	31
9ced877c-497e-45b6-9549-562c758e00fa	4.89147770453012	75291c0b-2d30-401a-b568-6147335d88a5	1	5	100	31
694a4a01-56e0-494a-b030-0d2757edb4c1	4.41594662643824	64c7b186-de40-4cad-a1f6-dffe7142c990	1	5	75	31
694a4a01-56e0-494a-b030-0d2757edb4c1	4.41594662643824	61fdf88b-1db1-463f-baeb-848a9a1f815d	1.5	4.75	75	31
694a4a01-56e0-494a-b030-0d2757edb4c1	4.41594662643824	694a4a01-56e0-494a-b030-0d2757edb4c1	1.25	5	100	31
694a4a01-56e0-494a-b030-0d2757edb4c1	4.41594662643824	9ced877c-497e-45b6-9549-562c758e00fa	1	5	75	31
694a4a01-56e0-494a-b030-0d2757edb4c1	4.41594662643824	75291c0b-2d30-401a-b568-6147335d88a5	1	5	75	31
694a4a01-56e0-494a-b030-0d2757edb4c1	4.41594662643824	eefed63b-8eeb-431b-bb50-63c25798ea83	1.5	4	75	31
a41e2539-2194-4da3-8618-b1f5c7410576	4.31931260602346	68171ad7-2b47-4d86-b0bc-1cd6ad9b6cba	2.75	4	75	31
a41e2539-2194-4da3-8618-b1f5c7410576	4.31931260602346	a41e2539-2194-4da3-8618-b1f5c7410576	3	5	100	31
a41e2539-2194-4da3-8618-b1f5c7410576	4.31931260602346	f73b79c3-6390-4cdb-a96a-0a2fae700005	3.25	1.5	75	31
a41e2539-2194-4da3-8618-b1f5c7410576	4.31931260602346	f13bb7bb-9260-4400-affa-377c7236cda2	3.25	4.5	75	31
a41e2539-2194-4da3-8618-b1f5c7410576	4.31931260602346	86f75337-2fd7-4ef8-9c35-e1035f5482e4	2.75	4	75	31
a41e2539-2194-4da3-8618-b1f5c7410576	4.31931260602346	8d1e7ea2-26e3-4693-ac85-0c975dac9448	2.75	4.75	75	31
20c132ad-0c7c-41bf-a35c-5a95fa87892a	4.10755083039362	52d5d688-98d5-455a-97d8-40e74216ec3f	3.75	3	75	31
20c132ad-0c7c-41bf-a35c-5a95fa87892a	4.10755083039362	f73b79c3-6390-4cdb-a96a-0a2fae700005	3.25	1.5	75	31
20c132ad-0c7c-41bf-a35c-5a95fa87892a	4.10755083039362	f13bb7bb-9260-4400-affa-377c7236cda2	3.25	4.5	75	31
20c132ad-0c7c-41bf-a35c-5a95fa87892a	4.10755083039362	20c132ad-0c7c-41bf-a35c-5a95fa87892a	3.5	2.75	100	31
20c132ad-0c7c-41bf-a35c-5a95fa87892a	4.10755083039362	37b95289-ea7b-4686-b2d2-7ab47fe22aec	3.75	3.5	75	31
20c132ad-0c7c-41bf-a35c-5a95fa87892a	4.10755083039362	c86f19a7-4709-4fee-a534-cbb721186c55	3.5	4	100	31
eefed63b-8eeb-431b-bb50-63c25798ea83	4.08686562863129	61fdf88b-1db1-463f-baeb-848a9a1f815d	1.5	4.75	100	31
eefed63b-8eeb-431b-bb50-63c25798ea83	4.08686562863129	3b947680-2625-4e70-a715-5acf8491b309	1.75	5	75	31
eefed63b-8eeb-431b-bb50-63c25798ea83	4.08686562863129	694a4a01-56e0-494a-b030-0d2757edb4c1	1.25	5	75	31
eefed63b-8eeb-431b-bb50-63c25798ea83	4.08686562863129	ff492b4b-9780-4b6a-8035-afafaf1a0b7b	1.75	4.25	75	31
eefed63b-8eeb-431b-bb50-63c25798ea83	4.08686562863129	eefed63b-8eeb-431b-bb50-63c25798ea83	1.5	4	100	31
8d1e7ea2-26e3-4693-ac85-0c975dac9448	4.04933623113195	68171ad7-2b47-4d86-b0bc-1cd6ad9b6cba	2.75	4	100	31
8d1e7ea2-26e3-4693-ac85-0c975dac9448	4.04933623113195	a41e2539-2194-4da3-8618-b1f5c7410576	3	5	75	31
8d1e7ea2-26e3-4693-ac85-0c975dac9448	4.04933623113195	d86aef28-5ee7-4fd9-9a9b-de8cc06c4557	2.5	4.25	75	31
8d1e7ea2-26e3-4693-ac85-0c975dac9448	4.04933623113195	86f75337-2fd7-4ef8-9c35-e1035f5482e4	2.75	4	100	31
8d1e7ea2-26e3-4693-ac85-0c975dac9448	4.04933623113195	8d1e7ea2-26e3-4693-ac85-0c975dac9448	2.75	4.75	100	31
8d1e7ea2-26e3-4693-ac85-0c975dac9448	4.04933623113195	debd54b6-d961-4098-9292-c51a80caefb2	2.5	1	75	31
76a55b6c-21bd-4ce7-b9c7-dd3ae6340804	3.96091431996898	686509c1-fdca-4255-95fa-005b4947a0d1	2.25	3.75	75	31
76a55b6c-21bd-4ce7-b9c7-dd3ae6340804	3.96091431996898	bc4301e9-9b45-4464-81af-2f180218a093	2.25	5	75	31
76a55b6c-21bd-4ce7-b9c7-dd3ae6340804	3.96091431996898	21bb91af-fb89-4f9b-a2ac-be9e84807e6d	2	3	100	31
76a55b6c-21bd-4ce7-b9c7-dd3ae6340804	3.96091431996898	3b947680-2625-4e70-a715-5acf8491b309	1.75	5	75	31
76a55b6c-21bd-4ce7-b9c7-dd3ae6340804	3.96091431996898	534235e5-91a6-4d11-b984-96ff5932c823	2.25	2.75	75	31
76a55b6c-21bd-4ce7-b9c7-dd3ae6340804	3.96091431996898	ff492b4b-9780-4b6a-8035-afafaf1a0b7b	1.75	4.25	75	31
76a55b6c-21bd-4ce7-b9c7-dd3ae6340804	3.96091431996898	79d48cba-971b-453e-8c5c-8c2bcade78a0	2.25	3.75	75	31
76a55b6c-21bd-4ce7-b9c7-dd3ae6340804	3.96091431996898	76a55b6c-21bd-4ce7-b9c7-dd3ae6340804	2	5	100	31
0f667ec6-d35a-4ec1-945f-921a64be56a3	3.89720350025646	83bb2a15-d8bc-4265-bb49-2a018278891a	5	3.5	75	31
0f667ec6-d35a-4ec1-945f-921a64be56a3	3.89720350025646	b47e7d4f-b0ca-48f0-97c5-cf61fe21295b	4.5	1	75	31
0f667ec6-d35a-4ec1-945f-921a64be56a3	3.89720350025646	10a30e85-8a3e-44fb-abba-fd62244ea179	4.75	2.5	100	31
0f667ec6-d35a-4ec1-945f-921a64be56a3	3.89720350025646	d232afdb-9adc-4d08-bfab-7996be42e53e	5	1	75	31
0f667ec6-d35a-4ec1-945f-921a64be56a3	3.89720350025646	d6169755-eb0d-4ffe-8b01-397bf3e48f8b	4.5	2.75	75	31
0f667ec6-d35a-4ec1-945f-921a64be56a3	3.89720350025646	0f667ec6-d35a-4ec1-945f-921a64be56a3	4.75	2.25	100	31
0f667ec6-d35a-4ec1-945f-921a64be56a3	3.89720350025646	c9dee854-7133-47fe-842d-ea4ecc47f8d9	5	2.75	75	31
bc4301e9-9b45-4464-81af-2f180218a093	3.73432461660019	686509c1-fdca-4255-95fa-005b4947a0d1	2.25	3.75	100	31
bc4301e9-9b45-4464-81af-2f180218a093	3.73432461660019	bc4301e9-9b45-4464-81af-2f180218a093	2.25	5	100	31
bc4301e9-9b45-4464-81af-2f180218a093	3.73432461660019	21bb91af-fb89-4f9b-a2ac-be9e84807e6d	2	3	75	31
bc4301e9-9b45-4464-81af-2f180218a093	3.73432461660019	d86aef28-5ee7-4fd9-9a9b-de8cc06c4557	2.5	4.25	75	31
bc4301e9-9b45-4464-81af-2f180218a093	3.73432461660019	534235e5-91a6-4d11-b984-96ff5932c823	2.25	2.75	100	31
bc4301e9-9b45-4464-81af-2f180218a093	3.73432461660019	79d48cba-971b-453e-8c5c-8c2bcade78a0	2.25	3.75	100	31
bc4301e9-9b45-4464-81af-2f180218a093	3.73432461660019	76a55b6c-21bd-4ce7-b9c7-dd3ae6340804	2	5	75	31
bc4301e9-9b45-4464-81af-2f180218a093	3.73432461660019	debd54b6-d961-4098-9292-c51a80caefb2	2.5	1	75	31
79d48cba-971b-453e-8c5c-8c2bcade78a0	3.57330842361965	686509c1-fdca-4255-95fa-005b4947a0d1	2.25	3.75	100	31
79d48cba-971b-453e-8c5c-8c2bcade78a0	3.57330842361965	bc4301e9-9b45-4464-81af-2f180218a093	2.25	5	100	31
79d48cba-971b-453e-8c5c-8c2bcade78a0	3.57330842361965	21bb91af-fb89-4f9b-a2ac-be9e84807e6d	2	3	75	31
79d48cba-971b-453e-8c5c-8c2bcade78a0	3.57330842361965	d86aef28-5ee7-4fd9-9a9b-de8cc06c4557	2.5	4.25	75	31
79d48cba-971b-453e-8c5c-8c2bcade78a0	3.57330842361965	534235e5-91a6-4d11-b984-96ff5932c823	2.25	2.75	100	31
79d48cba-971b-453e-8c5c-8c2bcade78a0	3.57330842361965	79d48cba-971b-453e-8c5c-8c2bcade78a0	2.25	3.75	100	31
79d48cba-971b-453e-8c5c-8c2bcade78a0	3.57330842361965	76a55b6c-21bd-4ce7-b9c7-dd3ae6340804	2	5	75	31
79d48cba-971b-453e-8c5c-8c2bcade78a0	3.57330842361965	debd54b6-d961-4098-9292-c51a80caefb2	2.5	1	75	31
