694a4a01-56e0-494a-b030-0d2757edb4c1	3.29910474461695	9ced877c-497e-45b6-9549-562c758e00fa	1	5	75	1
694a4a01-56e0-494a-b030-0d2757edb4c1	3.29910474461695	eefed63b-8eeb-431b-bb50-63c25798ea83	1.5	3.5	75	1
9ced877c-497e-45b6-9549-562c758e00fa	3.06302700547929	9ced877c-497e-45b6-9549-562c758e00fa	1	5	100	1
eefed63b-8eeb-431b-bb50-63c25798ea83	3.01738753687223	eefed63b-8eeb-431b-bb50-63c25798ea83	1.5	3.5	100	1
64c7b186-de40-4cad-a1f6-dffe7142c990	2.79828941972157	9ced877c-497e-45b6-9549-562c758e00fa	1	5	100	1
8d1e7ea2-26e3-4693-ac85-0c975dac9448	2.76351182056346	d86aef28-5ee7-4fd9-9a9b-de8cc06c4557	2.5	3.25	75	1
ff492b4b-9780-4b6a-8035-afafaf1a0b7b	2.59770201211625	21bb91af-fb89-4f9b-a2ac-be9e84807e6d	2	4.75	75	1
ff492b4b-9780-4b6a-8035-afafaf1a0b7b	2.59770201211625	eefed63b-8eeb-431b-bb50-63c25798ea83	1.5	3.5	75	1
bc4301e9-9b45-4464-81af-2f180218a093	2.55044111008989	686509c1-fdca-4255-95fa-005b4947a0d1	2.25	4.25	100	1
bc4301e9-9b45-4464-81af-2f180218a093	2.55044111008989	21bb91af-fb89-4f9b-a2ac-be9e84807e6d	2	4.75	75	1
bc4301e9-9b45-4464-81af-2f180218a093	2.55044111008989	d86aef28-5ee7-4fd9-9a9b-de8cc06c4557	2.5	3.25	75	1
694a4a01-56e0-494a-b030-0d2757edb4c1	3.4246543468256	694a4a01-56e0-494a-b030-0d2757edb4c1	1.25	5	100	2
694a4a01-56e0-494a-b030-0d2757edb4c1	3.4246543468256	eefed63b-8eeb-431b-bb50-63c25798ea83	1.5	4.25	75	2
a41e2539-2194-4da3-8618-b1f5c7410576	3.22020016436135	8d1e7ea2-26e3-4693-ac85-0c975dac9448	2.75	5	75	2
9ced877c-497e-45b6-9549-562c758e00fa	3.17959250021782	694a4a01-56e0-494a-b030-0d2757edb4c1	1.25	5	75	2
eefed63b-8eeb-431b-bb50-63c25798ea83	3.13221616640071	694a4a01-56e0-494a-b030-0d2757edb4c1	1.25	5	75	2
eefed63b-8eeb-431b-bb50-63c25798ea83	3.13221616640071	eefed63b-8eeb-431b-bb50-63c25798ea83	1.5	4.25	100	2
20c132ad-0c7c-41bf-a35c-5a95fa87892a	2.93973880250426	20c132ad-0c7c-41bf-a35c-5a95fa87892a	3.5	3.75	100	2
64c7b186-de40-4cad-a1f6-dffe7142c990	2.90478018961801	694a4a01-56e0-494a-b030-0d2757edb4c1	1.25	5	75	2
8d1e7ea2-26e3-4693-ac85-0c975dac9448	2.86867910812975	8d1e7ea2-26e3-4693-ac85-0c975dac9448	2.75	5	100	2
ff492b4b-9780-4b6a-8035-afafaf1a0b7b	2.69655929048078	21bb91af-fb89-4f9b-a2ac-be9e84807e6d	2	4	75	2
ff492b4b-9780-4b6a-8035-afafaf1a0b7b	2.69655929048078	eefed63b-8eeb-431b-bb50-63c25798ea83	1.5	4.25	75	2
bc4301e9-9b45-4464-81af-2f180218a093	2.64749984338856	21bb91af-fb89-4f9b-a2ac-be9e84807e6d	2	4	75	2
694a4a01-56e0-494a-b030-0d2757edb4c1	3.81262755034403	61fdf88b-1db1-463f-baeb-848a9a1f815d	1.5	5	75	3
694a4a01-56e0-494a-b030-0d2757edb4c1	3.81262755034403	694a4a01-56e0-494a-b030-0d2757edb4c1	1.25	5	100	3
9ced877c-497e-45b6-9549-562c758e00fa	3.53980308666734	694a4a01-56e0-494a-b030-0d2757edb4c1	1.25	5	75	3
eefed63b-8eeb-431b-bb50-63c25798ea83	3.48705962482705	61fdf88b-1db1-463f-baeb-848a9a1f815d	1.5	5	100	3
eefed63b-8eeb-431b-bb50-63c25798ea83	3.48705962482705	694a4a01-56e0-494a-b030-0d2757edb4c1	1.25	5	75	3
20c132ad-0c7c-41bf-a35c-5a95fa87892a	3.27277674012805	20c132ad-0c7c-41bf-a35c-5a95fa87892a	3.5	5	100	3
64c7b186-de40-4cad-a1f6-dffe7142c990	3.23385771731429	694a4a01-56e0-494a-b030-0d2757edb4c1	1.25	5	75	3
ff492b4b-9780-4b6a-8035-afafaf1a0b7b	3.00204783497083	61fdf88b-1db1-463f-baeb-848a9a1f815d	1.5	5	75	3
ff492b4b-9780-4b6a-8035-afafaf1a0b7b	3.00204783497083	76a55b6c-21bd-4ce7-b9c7-dd3ae6340804	2	4.75	75	3
bc4301e9-9b45-4464-81af-2f180218a093	2.94743053146056	bc4301e9-9b45-4464-81af-2f180218a093	2.25	4.5	100	3
bc4301e9-9b45-4464-81af-2f180218a093	2.94743053146056	76a55b6c-21bd-4ce7-b9c7-dd3ae6340804	2	4.75	75	3
694a4a01-56e0-494a-b030-0d2757edb4c1	3.34600205553136	eefed63b-8eeb-431b-bb50-63c25798ea83	1.5	5	75	4
a41e2539-2194-4da3-8618-b1f5c7410576	3.1462434529868	68171ad7-2b47-4d86-b0bc-1cd6ad9b6cba	2.75	4.25	75	4
a41e2539-2194-4da3-8618-b1f5c7410576	3.1462434529868	8d1e7ea2-26e3-4693-ac85-0c975dac9448	2.75	5	75	4
eefed63b-8eeb-431b-bb50-63c25798ea83	3.06028020721467	eefed63b-8eeb-431b-bb50-63c25798ea83	1.5	5	100	4
8d1e7ea2-26e3-4693-ac85-0c975dac9448	2.80279559646779	68171ad7-2b47-4d86-b0bc-1cd6ad9b6cba	2.75	4.25	100	4
8d1e7ea2-26e3-4693-ac85-0c975dac9448	2.80279559646779	8d1e7ea2-26e3-4693-ac85-0c975dac9448	2.75	5	100	4
ff492b4b-9780-4b6a-8035-afafaf1a0b7b	2.63462877309532	eefed63b-8eeb-431b-bb50-63c25798ea83	1.5	5	75	4
bc4301e9-9b45-4464-81af-2f180218a093	2.58669604998968	bc4301e9-9b45-4464-81af-2f180218a093	2.25	4	100	4
694a4a01-56e0-494a-b030-0d2757edb4c1	3.63426136040276	61fdf88b-1db1-463f-baeb-848a9a1f815d	1.5	3.75	75	5
694a4a01-56e0-494a-b030-0d2757edb4c1	3.63426136040276	9ced877c-497e-45b6-9549-562c758e00fa	1	5	75	5
a41e2539-2194-4da3-8618-b1f5c7410576	3.41729347828317	a41e2539-2194-4da3-8618-b1f5c7410576	3	5	100	5
9ced877c-497e-45b6-9549-562c758e00fa	3.37420044307913	9ced877c-497e-45b6-9549-562c758e00fa	1	5	100	5
eefed63b-8eeb-431b-bb50-63c25798ea83	3.32392447252638	61fdf88b-1db1-463f-baeb-848a9a1f815d	1.5	3.75	100	5
64c7b186-de40-4cad-a1f6-dffe7142c990	3.0825681234926	9ced877c-497e-45b6-9549-562c758e00fa	1	5	100	5
8d1e7ea2-26e3-4693-ac85-0c975dac9448	3.04425746205723	a41e2539-2194-4da3-8618-b1f5c7410576	3	5	75	5
8d1e7ea2-26e3-4693-ac85-0c975dac9448	3.04425746205723	d86aef28-5ee7-4fd9-9a9b-de8cc06c4557	2.5	4	75	5
ff492b4b-9780-4b6a-8035-afafaf1a0b7b	2.86160300604492	61fdf88b-1db1-463f-baeb-848a9a1f815d	1.5	3.75	75	5
bc4301e9-9b45-4464-81af-2f180218a093	2.80954086099625	d86aef28-5ee7-4fd9-9a9b-de8cc06c4557	2.5	4	75	5
bc4301e9-9b45-4464-81af-2f180218a093	2.80954086099625	79d48cba-971b-453e-8c5c-8c2bcade78a0	2.25	5	100	5
694a4a01-56e0-494a-b030-0d2757edb4c1	2.99288190237494	61fdf88b-1db1-463f-baeb-848a9a1f815d	1.5	2.25	75	6
a41e2539-2194-4da3-8618-b1f5c7410576	2.81420481162984	f13bb7bb-9260-4400-affa-377c7236cda2	3.25	3.5	75	6
eefed63b-8eeb-431b-bb50-63c25798ea83	2.73731369679518	61fdf88b-1db1-463f-baeb-848a9a1f815d	1.5	2.25	100	6
20c132ad-0c7c-41bf-a35c-5a95fa87892a	2.56910336726512	f13bb7bb-9260-4400-affa-377c7236cda2	3.25	3.5	75	6
20c132ad-0c7c-41bf-a35c-5a95fa87892a	2.56910336726512	20c132ad-0c7c-41bf-a35c-5a95fa87892a	3.5	4	100	6
8d1e7ea2-26e3-4693-ac85-0c975dac9448	2.50700270673489	debd54b6-d961-4098-9292-c51a80caefb2	2.5	4	75	6
0f667ec6-d35a-4ec1-945f-921a64be56a3	2.42760920893197	d232afdb-9adc-4d08-bfab-7996be42e53e	5	3.25	75	6
0f667ec6-d35a-4ec1-945f-921a64be56a3	2.42760920893197	0f667ec6-d35a-4ec1-945f-921a64be56a3	4.75	3.75	100	6
ff492b4b-9780-4b6a-8035-afafaf1a0b7b	2.35658336086437	61fdf88b-1db1-463f-baeb-848a9a1f815d	1.5	2.25	75	6
bc4301e9-9b45-4464-81af-2f180218a093	2.31370921457427	debd54b6-d961-4098-9292-c51a80caefb2	2.5	4	75	6
694a4a01-56e0-494a-b030-0d2757edb4c1	2.72245266936356	9ced877c-497e-45b6-9549-562c758e00fa	1	4.25	75	7
9ced877c-497e-45b6-9549-562c758e00fa	2.52763907033936	9ced877c-497e-45b6-9549-562c758e00fa	1	4.25	100	7
64c7b186-de40-4cad-a1f6-dffe7142c990	2.30917509366401	9ced877c-497e-45b6-9549-562c758e00fa	1	4.25	100	7
0f667ec6-d35a-4ec1-945f-921a64be56a3	2.20825658454969	10a30e85-8a3e-44fb-abba-fd62244ea179	4.75	5	100	7
bc4301e9-9b45-4464-81af-2f180218a093	2.10464830633883	686509c1-fdca-4255-95fa-005b4947a0d1	2.25	4.5	100	7
694a4a01-56e0-494a-b030-0d2757edb4c1	3.60186599753683	61fdf88b-1db1-463f-baeb-848a9a1f815d	1.5	4.75	75	8
694a4a01-56e0-494a-b030-0d2757edb4c1	3.60186599753683	eefed63b-8eeb-431b-bb50-63c25798ea83	1.5	3.25	75	8
a41e2539-2194-4da3-8618-b1f5c7410576	3.38683213783942	8d1e7ea2-26e3-4693-ac85-0c975dac9448	2.75	5	75	8
eefed63b-8eeb-431b-bb50-63c25798ea83	3.29429540853797	61fdf88b-1db1-463f-baeb-848a9a1f815d	1.5	4.75	100	8
eefed63b-8eeb-431b-bb50-63c25798ea83	3.29429540853797	eefed63b-8eeb-431b-bb50-63c25798ea83	1.5	3.25	100	8
8d1e7ea2-26e3-4693-ac85-0c975dac9448	3.01712132349779	8d1e7ea2-26e3-4693-ac85-0c975dac9448	2.75	5	100	8
0f667ec6-d35a-4ec1-945f-921a64be56a3	2.92157302934079	0f667ec6-d35a-4ec1-945f-921a64be56a3	4.75	5	100	8
ff492b4b-9780-4b6a-8035-afafaf1a0b7b	2.83609502466117	61fdf88b-1db1-463f-baeb-848a9a1f815d	1.5	4.75	75	8
ff492b4b-9780-4b6a-8035-afafaf1a0b7b	2.83609502466117	eefed63b-8eeb-431b-bb50-63c25798ea83	1.5	3.25	75	8
bc4301e9-9b45-4464-81af-2f180218a093	2.78449695568686	534235e5-91a6-4d11-b984-96ff5932c823	2.25	5	100	8
694a4a01-56e0-494a-b030-0d2757edb4c1	3.50202030669401	eefed63b-8eeb-431b-bb50-63c25798ea83	1.5	5	75	9
a41e2539-2194-4da3-8618-b1f5c7410576	3.29294729543385	a41e2539-2194-4da3-8618-b1f5c7410576	3	5	100	9
a41e2539-2194-4da3-8618-b1f5c7410576	3.29294729543385	f13bb7bb-9260-4400-affa-377c7236cda2	3.25	1.75	75	9
a41e2539-2194-4da3-8618-b1f5c7410576	3.29294729543385	8d1e7ea2-26e3-4693-ac85-0c975dac9448	2.75	5	75	9
eefed63b-8eeb-431b-bb50-63c25798ea83	3.20297574254754	eefed63b-8eeb-431b-bb50-63c25798ea83	1.5	5	100	9
20c132ad-0c7c-41bf-a35c-5a95fa87892a	3.00615006865373	f13bb7bb-9260-4400-affa-377c7236cda2	3.25	1.75	75	9
20c132ad-0c7c-41bf-a35c-5a95fa87892a	3.00615006865373	20c132ad-0c7c-41bf-a35c-5a95fa87892a	3.5	5	100	9
8d1e7ea2-26e3-4693-ac85-0c975dac9448	2.93348506286365	a41e2539-2194-4da3-8618-b1f5c7410576	3	5	75	9
8d1e7ea2-26e3-4693-ac85-0c975dac9448	2.93348506286365	8d1e7ea2-26e3-4693-ac85-0c975dac9448	2.75	5	100	9
ff492b4b-9780-4b6a-8035-afafaf1a0b7b	2.75747691329795	eefed63b-8eeb-431b-bb50-63c25798ea83	1.5	5	75	9
20c132ad-0c7c-41bf-a35c-5a95fa87892a	1.74386656056122	20c132ad-0c7c-41bf-a35c-5a95fa87892a	3.5	3	100	10
8d1e7ea2-26e3-4693-ac85-0c975dac9448	1.70171361871988	d86aef28-5ee7-4fd9-9a9b-de8cc06c4557	2.5	3.75	75	10
ff492b4b-9780-4b6a-8035-afafaf1a0b7b	1.59961135504527	21bb91af-fb89-4f9b-a2ac-be9e84807e6d	2	3	75	10
bc4301e9-9b45-4464-81af-2f180218a093	1.57050906673664	21bb91af-fb89-4f9b-a2ac-be9e84807e6d	2	3	75	10
bc4301e9-9b45-4464-81af-2f180218a093	1.57050906673664	d86aef28-5ee7-4fd9-9a9b-de8cc06c4557	2.5	3.75	75	10
bc4301e9-9b45-4464-81af-2f180218a093	1.57050906673664	534235e5-91a6-4d11-b984-96ff5932c823	2.25	1.25	100	10
694a4a01-56e0-494a-b030-0d2757edb4c1	3.14830442122349	9ced877c-497e-45b6-9549-562c758e00fa	1	3.25	75	11
a41e2539-2194-4da3-8618-b1f5c7410576	2.96034849513039	86f75337-2fd7-4ef8-9c35-e1035f5482e4	2.75	4.25	75	11
9ced877c-497e-45b6-9549-562c758e00fa	2.92301765949191	9ced877c-497e-45b6-9549-562c758e00fa	1	3.25	100	11
eefed63b-8eeb-431b-bb50-63c25798ea83	2.87946437346333	3b947680-2625-4e70-a715-5acf8491b309	1.75	3.75	75	11
64c7b186-de40-4cad-a1f6-dffe7142c990	2.67038109810931	9ced877c-497e-45b6-9549-562c758e00fa	1	3.25	100	11
8d1e7ea2-26e3-4693-ac85-0c975dac9448	2.63719316448571	d86aef28-5ee7-4fd9-9a9b-de8cc06c4557	2.5	4	75	11
8d1e7ea2-26e3-4693-ac85-0c975dac9448	2.63719316448571	86f75337-2fd7-4ef8-9c35-e1035f5482e4	2.75	4.25	100	11
ff492b4b-9780-4b6a-8035-afafaf1a0b7b	2.47896243417678	3b947680-2625-4e70-a715-5acf8491b309	1.75	3.75	100	11
bc4301e9-9b45-4464-81af-2f180218a093	2.433861802222	bc4301e9-9b45-4464-81af-2f180218a093	2.25	4.5	100	11
bc4301e9-9b45-4464-81af-2f180218a093	2.433861802222	d86aef28-5ee7-4fd9-9a9b-de8cc06c4557	2.5	4	75	11
694a4a01-56e0-494a-b030-0d2757edb4c1	3.66991738501026	694a4a01-56e0-494a-b030-0d2757edb4c1	1.25	5	100	12
9ced877c-497e-45b6-9549-562c758e00fa	3.40730498807449	694a4a01-56e0-494a-b030-0d2757edb4c1	1.25	5	75	12
eefed63b-8eeb-431b-bb50-63c25798ea83	3.35653575862192	694a4a01-56e0-494a-b030-0d2757edb4c1	1.25	5	75	12
20c132ad-0c7c-41bf-a35c-5a95fa87892a	3.15027368913961	20c132ad-0c7c-41bf-a35c-5a95fa87892a	3.5	5	100	12
64c7b186-de40-4cad-a1f6-dffe7142c990	3.11281144350357	694a4a01-56e0-494a-b030-0d2757edb4c1	1.25	5	75	12
8d1e7ea2-26e3-4693-ac85-0c975dac9448	3.07412491263567	d86aef28-5ee7-4fd9-9a9b-de8cc06c4557	2.5	3.75	75	12
ff492b4b-9780-4b6a-8035-afafaf1a0b7b	2.88967841970289	21bb91af-fb89-4f9b-a2ac-be9e84807e6d	2	4.75	75	12
bc4301e9-9b45-4464-81af-2f180218a093	2.83710548807522	21bb91af-fb89-4f9b-a2ac-be9e84807e6d	2	4.75	75	12
bc4301e9-9b45-4464-81af-2f180218a093	2.83710548807522	d86aef28-5ee7-4fd9-9a9b-de8cc06c4557	2.5	3.75	75	12
bc4301e9-9b45-4464-81af-2f180218a093	2.83710548807522	534235e5-91a6-4d11-b984-96ff5932c823	2.25	4.5	100	12
694a4a01-56e0-494a-b030-0d2757edb4c1	3.69229342034145	694a4a01-56e0-494a-b030-0d2757edb4c1	1.25	5	100	13
9ced877c-497e-45b6-9549-562c758e00fa	3.42807983894905	694a4a01-56e0-494a-b030-0d2757edb4c1	1.25	5	75	13
eefed63b-8eeb-431b-bb50-63c25798ea83	3.37700105700834	694a4a01-56e0-494a-b030-0d2757edb4c1	1.25	5	75	13
64c7b186-de40-4cad-a1f6-dffe7142c990	3.13179072036658	694a4a01-56e0-494a-b030-0d2757edb4c1	1.25	5	75	13
0f667ec6-d35a-4ec1-945f-921a64be56a3	2.99492121734297	d6169755-eb0d-4ffe-8b01-397bf3e48f8b	4.5	3	75	13
0f667ec6-d35a-4ec1-945f-921a64be56a3	2.99492121734297	0f667ec6-d35a-4ec1-945f-921a64be56a3	4.75	5	100	13
ff492b4b-9780-4b6a-8035-afafaf1a0b7b	2.90729722111747	76a55b6c-21bd-4ce7-b9c7-dd3ae6340804	2	4.75	75	13
bc4301e9-9b45-4464-81af-2f180218a093	2.8544037449474	79d48cba-971b-453e-8c5c-8c2bcade78a0	2.25	5	100	13
bc4301e9-9b45-4464-81af-2f180218a093	2.8544037449474	76a55b6c-21bd-4ce7-b9c7-dd3ae6340804	2	4.75	75	13
694a4a01-56e0-494a-b030-0d2757edb4c1	3.1651285902143	9ced877c-497e-45b6-9549-562c758e00fa	1	3.25	75	14
694a4a01-56e0-494a-b030-0d2757edb4c1	3.1651285902143	75291c0b-2d30-401a-b568-6147335d88a5	1	5	75	14
9ced877c-497e-45b6-9549-562c758e00fa	2.93863795807141	9ced877c-497e-45b6-9549-562c758e00fa	1	3.25	100	14
9ced877c-497e-45b6-9549-562c758e00fa	2.93863795807141	75291c0b-2d30-401a-b568-6147335d88a5	1	5	100	14
20c132ad-0c7c-41bf-a35c-5a95fa87892a	2.71696072966034	c86f19a7-4709-4fee-a534-cbb721186c55	3.5	4.5	100	14
64c7b186-de40-4cad-a1f6-dffe7142c990	2.68465132139148	9ced877c-497e-45b6-9549-562c758e00fa	1	3.25	100	14
64c7b186-de40-4cad-a1f6-dffe7142c990	2.68465132139148	75291c0b-2d30-401a-b568-6147335d88a5	1	5	100	14
0f667ec6-d35a-4ec1-945f-921a64be56a3	2.56732328323223	0f667ec6-d35a-4ec1-945f-921a64be56a3	4.75	5	100	14
694a4a01-56e0-494a-b030-0d2757edb4c1	3.01071498809441	9ced877c-497e-45b6-9549-562c758e00fa	1	3	75	15
9ced877c-497e-45b6-9549-562c758e00fa	2.79527386415262	9ced877c-497e-45b6-9549-562c758e00fa	1	3	100	15
20c132ad-0c7c-41bf-a35c-5a95fa87892a	2.58441136259016	20c132ad-0c7c-41bf-a35c-5a95fa87892a	3.5	5	100	15
64c7b186-de40-4cad-a1f6-dffe7142c990	2.55367821315882	9ced877c-497e-45b6-9549-562c758e00fa	1	3	100	15
8d1e7ea2-26e3-4693-ac85-0c975dac9448	2.52194068108575	debd54b6-d961-4098-9292-c51a80caefb2	2.5	4	75	15
ff492b4b-9780-4b6a-8035-afafaf1a0b7b	2.37062505924579	76a55b6c-21bd-4ce7-b9c7-dd3ae6340804	2	4.75	75	15
bc4301e9-9b45-4464-81af-2f180218a093	2.32749545029662	76a55b6c-21bd-4ce7-b9c7-dd3ae6340804	2	4.75	75	15
bc4301e9-9b45-4464-81af-2f180218a093	2.32749545029662	debd54b6-d961-4098-9292-c51a80caefb2	2.5	4	75	15
694a4a01-56e0-494a-b030-0d2757edb4c1	3.63297494670156	75291c0b-2d30-401a-b568-6147335d88a5	1	5	75	16
9ced877c-497e-45b6-9549-562c758e00fa	3.37300608971486	75291c0b-2d30-401a-b568-6147335d88a5	1	5	100	16
eefed63b-8eeb-431b-bb50-63c25798ea83	3.32274790544488	ff492b4b-9780-4b6a-8035-afafaf1a0b7b	1.75	4.25	75	16
64c7b186-de40-4cad-a1f6-dffe7142c990	3.08147699427845	75291c0b-2d30-401a-b568-6147335d88a5	1	5	100	16
0f667ec6-d35a-4ec1-945f-921a64be56a3	2.94680635450574	d232afdb-9adc-4d08-bfab-7996be42e53e	5	3.75	75	16
0f667ec6-d35a-4ec1-945f-921a64be56a3	2.94680635450574	0f667ec6-d35a-4ec1-945f-921a64be56a3	4.75	4.5	100	16
ff492b4b-9780-4b6a-8035-afafaf1a0b7b	2.86059009000173	ff492b4b-9780-4b6a-8035-afafaf1a0b7b	1.75	4.25	100	16
bc4301e9-9b45-4464-81af-2f180218a093	2.80854637438611	79d48cba-971b-453e-8c5c-8c2bcade78a0	2.25	5	100	16
694a4a01-56e0-494a-b030-0d2757edb4c1	3.43248825137527	9ced877c-497e-45b6-9549-562c758e00fa	1	5	75	17
694a4a01-56e0-494a-b030-0d2757edb4c1	3.43248825137527	eefed63b-8eeb-431b-bb50-63c25798ea83	1.5	3.25	75	17
a41e2539-2194-4da3-8618-b1f5c7410576	3.22756636466596	f13bb7bb-9260-4400-affa-377c7236cda2	3.25	3.75	75	17
9ced877c-497e-45b6-9549-562c758e00fa	3.1868658423281	9ced877c-497e-45b6-9549-562c758e00fa	1	5	100	17
eefed63b-8eeb-431b-bb50-63c25798ea83	3.13938117476509	eefed63b-8eeb-431b-bb50-63c25798ea83	1.5	3.25	100	17
20c132ad-0c7c-41bf-a35c-5a95fa87892a	2.94646344841787	f13bb7bb-9260-4400-affa-377c7236cda2	3.25	3.75	75	17
64c7b186-de40-4cad-a1f6-dffe7142c990	2.91142486299944	9ced877c-497e-45b6-9549-562c758e00fa	1	5	100	17
ff492b4b-9780-4b6a-8035-afafaf1a0b7b	2.70272766201006	76a55b6c-21bd-4ce7-b9c7-dd3ae6340804	2	4.75	75	17
ff492b4b-9780-4b6a-8035-afafaf1a0b7b	2.70272766201006	eefed63b-8eeb-431b-bb50-63c25798ea83	1.5	3.25	75	17
bc4301e9-9b45-4464-81af-2f180218a093	2.65355599259184	76a55b6c-21bd-4ce7-b9c7-dd3ae6340804	2	4.75	75	17
694a4a01-56e0-494a-b030-0d2757edb4c1	3.67444487270172	9ced877c-497e-45b6-9549-562c758e00fa	1	4.75	75	18
a41e2539-2194-4da3-8618-b1f5c7410576	3.45507800895084	a41e2539-2194-4da3-8618-b1f5c7410576	3	5	100	18
9ced877c-497e-45b6-9549-562c758e00fa	3.41150850435774	9ced877c-497e-45b6-9549-562c758e00fa	1	4.75	100	18
eefed63b-8eeb-431b-bb50-63c25798ea83	3.36067663007376	ff492b4b-9780-4b6a-8035-afafaf1a0b7b	1.75	4.75	75	18
20c132ad-0c7c-41bf-a35c-5a95fa87892a	3.1541601021018	c86f19a7-4709-4fee-a534-cbb721186c55	3.5	3.5	100	18
64c7b186-de40-4cad-a1f6-dffe7142c990	3.11665164304468	9ced877c-497e-45b6-9549-562c758e00fa	1	4.75	100	18
8d1e7ea2-26e3-4693-ac85-0c975dac9448	3.07791738876471	a41e2539-2194-4da3-8618-b1f5c7410576	3	5	75	18
8d1e7ea2-26e3-4693-ac85-0c975dac9448	3.07791738876471	debd54b6-d961-4098-9292-c51a80caefb2	2.5	5	75	18
ff492b4b-9780-4b6a-8035-afafaf1a0b7b	2.89324334679063	ff492b4b-9780-4b6a-8035-afafaf1a0b7b	1.75	4.75	100	18
bc4301e9-9b45-4464-81af-2f180218a093	2.84060555619148	debd54b6-d961-4098-9292-c51a80caefb2	2.5	5	75	18
694a4a01-56e0-494a-b030-0d2757edb4c1	3.39389145989973	694a4a01-56e0-494a-b030-0d2757edb4c1	1.25	5	100	19
694a4a01-56e0-494a-b030-0d2757edb4c1	3.39389145989973	eefed63b-8eeb-431b-bb50-63c25798ea83	1.5	4	75	19
9ced877c-497e-45b6-9549-562c758e00fa	3.15103095935207	694a4a01-56e0-494a-b030-0d2757edb4c1	1.25	5	75	19
eefed63b-8eeb-431b-bb50-63c25798ea83	3.10408023540697	694a4a01-56e0-494a-b030-0d2757edb4c1	1.25	5	75	19
eefed63b-8eeb-431b-bb50-63c25798ea83	3.10408023540697	eefed63b-8eeb-431b-bb50-63c25798ea83	1.5	4	100	19
64c7b186-de40-4cad-a1f6-dffe7142c990	2.8786871903599	694a4a01-56e0-494a-b030-0d2757edb4c1	1.25	5	75	19
0f667ec6-d35a-4ec1-945f-921a64be56a3	2.75287913464062	d6169755-eb0d-4ffe-8b01-397bf3e48f8b	4.5	3.25	75	19
ff492b4b-9780-4b6a-8035-afafaf1a0b7b	2.67233669574657	21bb91af-fb89-4f9b-a2ac-be9e84807e6d	2	4.75	75	19
ff492b4b-9780-4b6a-8035-afafaf1a0b7b	2.67233669574657	eefed63b-8eeb-431b-bb50-63c25798ea83	1.5	4	75	19
bc4301e9-9b45-4464-81af-2f180218a093	2.62371793777688	21bb91af-fb89-4f9b-a2ac-be9e84807e6d	2	4.75	75	19
694a4a01-56e0-494a-b030-0d2757edb4c1	3.42278801080519	9ced877c-497e-45b6-9549-562c758e00fa	1	5	75	20
a41e2539-2194-4da3-8618-b1f5c7410576	3.21844523325136	a41e2539-2194-4da3-8618-b1f5c7410576	3	5	100	20
a41e2539-2194-4da3-8618-b1f5c7410576	3.21844523325136	f13bb7bb-9260-4400-affa-377c7236cda2	3.25	4.25	75	20
9ced877c-497e-45b6-9549-562c758e00fa	3.17785972916219	9ced877c-497e-45b6-9549-562c758e00fa	1	5	100	20
20c132ad-0c7c-41bf-a35c-5a95fa87892a	2.93813671491035	f13bb7bb-9260-4400-affa-377c7236cda2	3.25	4.25	75	20
20c132ad-0c7c-41bf-a35c-5a95fa87892a	2.93813671491035	37b95289-ea7b-4686-b2d2-7ab47fe22aec	3.75	3.75	75	20
64c7b186-de40-4cad-a1f6-dffe7142c990	2.90319714920031	9ced877c-497e-45b6-9549-562c758e00fa	1	5	100	20
8d1e7ea2-26e3-4693-ac85-0c975dac9448	2.86711574019079	a41e2539-2194-4da3-8618-b1f5c7410576	3	5	75	20
0f667ec6-d35a-4ec1-945f-921a64be56a3	2.7763179298791	d6169755-eb0d-4ffe-8b01-397bf3e48f8b	4.5	3	75	20
694a4a01-56e0-494a-b030-0d2757edb4c1	2.87358006298844	9ced877c-497e-45b6-9549-562c758e00fa	1	4.75	75	21
a41e2539-2194-4da3-8618-b1f5c7410576	2.70202537358761	68171ad7-2b47-4d86-b0bc-1cd6ad9b6cba	2.75	4	75	21
9ced877c-497e-45b6-9549-562c758e00fa	2.66795207032616	9ced877c-497e-45b6-9549-562c758e00fa	1	4.75	100	21
64c7b186-de40-4cad-a1f6-dffe7142c990	2.43736083531557	9ced877c-497e-45b6-9549-562c758e00fa	1	4.75	100	21
8d1e7ea2-26e3-4693-ac85-0c975dac9448	2.40706891258916	68171ad7-2b47-4d86-b0bc-1cd6ad9b6cba	2.75	4	100	21
0f667ec6-d35a-4ec1-945f-921a64be56a3	2.33084018864388	b47e7d4f-b0ca-48f0-97c5-cf61fe21295b	4.5	2.75	75	21
0f667ec6-d35a-4ec1-945f-921a64be56a3	2.33084018864388	10a30e85-8a3e-44fb-abba-fd62244ea179	4.75	3.5	100	21
bc4301e9-9b45-4464-81af-2f180218a093	2.22148046022136	686509c1-fdca-4255-95fa-005b4947a0d1	2.25	2.5	100	21
694a4a01-56e0-494a-b030-0d2757edb4c1	3.25887398327967	64c7b186-de40-4cad-a1f6-dffe7142c990	1	5	75	22
a41e2539-2194-4da3-8618-b1f5c7410576	3.06431698759681	f13bb7bb-9260-4400-affa-377c7236cda2	3.25	3	75	22
a41e2539-2194-4da3-8618-b1f5c7410576	3.06431698759681	86f75337-2fd7-4ef8-9c35-e1035f5482e4	2.75	3.75	75	22
9ced877c-497e-45b6-9549-562c758e00fa	3.02567508794012	64c7b186-de40-4cad-a1f6-dffe7142c990	1	5	100	22
20c132ad-0c7c-41bf-a35c-5a95fa87892a	2.79743217469812	f13bb7bb-9260-4400-affa-377c7236cda2	3.25	3	75	22
64c7b186-de40-4cad-a1f6-dffe7142c990	2.7641658306425	64c7b186-de40-4cad-a1f6-dffe7142c990	1	5	100	22
8d1e7ea2-26e3-4693-ac85-0c975dac9448	2.72981232511663	86f75337-2fd7-4ef8-9c35-e1035f5482e4	2.75	3.75	100	22
bc4301e9-9b45-4464-81af-2f180218a093	2.51933989288626	686509c1-fdca-4255-95fa-005b4947a0d1	2.25	3.5	100	22
bc4301e9-9b45-4464-81af-2f180218a093	2.51933989288626	79d48cba-971b-453e-8c5c-8c2bcade78a0	2.25	4.5	100	22
694a4a01-56e0-494a-b030-0d2757edb4c1	3.72550214013055	64c7b186-de40-4cad-a1f6-dffe7142c990	1	5	75	23
694a4a01-56e0-494a-b030-0d2757edb4c1	3.72550214013055	9ced877c-497e-45b6-9549-562c758e00fa	1	5	75	23
9ced877c-497e-45b6-9549-562c758e00fa	3.45891220441811	64c7b186-de40-4cad-a1f6-dffe7142c990	1	5	100	23
9ced877c-497e-45b6-9549-562c758e00fa	3.45891220441811	9ced877c-497e-45b6-9549-562c758e00fa	1	5	100	23
eefed63b-8eeb-431b-bb50-63c25798ea83	3.40737401876761	3b947680-2625-4e70-a715-5acf8491b309	1.75	4.75	75	23
64c7b186-de40-4cad-a1f6-dffe7142c990	3.15995824168043	64c7b186-de40-4cad-a1f6-dffe7142c990	1	5	100	23
64c7b186-de40-4cad-a1f6-dffe7142c990	3.15995824168043	9ced877c-497e-45b6-9549-562c758e00fa	1	5	100	23
0f667ec6-d35a-4ec1-945f-921a64be56a3	3.02185772429536	0f667ec6-d35a-4ec1-945f-921a64be56a3	4.75	4	100	23
ff492b4b-9780-4b6a-8035-afafaf1a0b7b	2.93344563442471	3b947680-2625-4e70-a715-5acf8491b309	1.75	4.75	100	23
bc4301e9-9b45-4464-81af-2f180218a093	2.88007643171478	bc4301e9-9b45-4464-81af-2f180218a093	2.25	4.75	100	23
694a4a01-56e0-494a-b030-0d2757edb4c1	3.79578523588948	eefed63b-8eeb-431b-bb50-63c25798ea83	1.5	5	75	24
eefed63b-8eeb-431b-bb50-63c25798ea83	3.47165549757207	3b947680-2625-4e70-a715-5acf8491b309	1.75	4	75	24
eefed63b-8eeb-431b-bb50-63c25798ea83	3.47165549757207	eefed63b-8eeb-431b-bb50-63c25798ea83	1.5	5	100	24
20c132ad-0c7c-41bf-a35c-5a95fa87892a	3.25831922077898	c86f19a7-4709-4fee-a534-cbb721186c55	3.5	4.5	100	24
0f667ec6-d35a-4ec1-945f-921a64be56a3	3.07886628651617	0f667ec6-d35a-4ec1-945f-921a64be56a3	4.75	5	100	24
ff492b4b-9780-4b6a-8035-afafaf1a0b7b	2.98878626605262	3b947680-2625-4e70-a715-5acf8491b309	1.75	4	100	24
ff492b4b-9780-4b6a-8035-afafaf1a0b7b	2.98878626605262	eefed63b-8eeb-431b-bb50-63c25798ea83	1.5	5	75	24
bc4301e9-9b45-4464-81af-2f180218a093	2.93441023119545	bc4301e9-9b45-4464-81af-2f180218a093	2.25	5	100	24
694a4a01-56e0-494a-b030-0d2757edb4c1	2.96224400132245	eefed63b-8eeb-431b-bb50-63c25798ea83	1.5	5	75	25
eefed63b-8eeb-431b-bb50-63c25798ea83	2.70929204099592	eefed63b-8eeb-431b-bb50-63c25798ea83	1.5	5	100	25
8d1e7ea2-26e3-4693-ac85-0c975dac9448	2.48133870675663	d86aef28-5ee7-4fd9-9a9b-de8cc06c4557	2.5	4.25	75	25
8d1e7ea2-26e3-4693-ac85-0c975dac9448	2.48133870675663	debd54b6-d961-4098-9292-c51a80caefb2	2.5	3	75	25
0f667ec6-d35a-4ec1-945f-921a64be56a3	2.40275793487787	c9dee854-7133-47fe-842d-ea4ecc47f8d9	5	1.5	75	25
ff492b4b-9780-4b6a-8035-afafaf1a0b7b	2.33245918962608	eefed63b-8eeb-431b-bb50-63c25798ea83	1.5	5	75	25
bc4301e9-9b45-4464-81af-2f180218a093	2.29002393276974	d86aef28-5ee7-4fd9-9a9b-de8cc06c4557	2.5	4.25	75	25
bc4301e9-9b45-4464-81af-2f180218a093	2.29002393276974	debd54b6-d961-4098-9292-c51a80caefb2	2.5	3	75	25
694a4a01-56e0-494a-b030-0d2757edb4c1	3.63444106191724	694a4a01-56e0-494a-b030-0d2757edb4c1	1.25	5	100	26
a41e2539-2194-4da3-8618-b1f5c7410576	3.41746244722415	86f75337-2fd7-4ef8-9c35-e1035f5482e4	2.75	3	75	26
a41e2539-2194-4da3-8618-b1f5c7410576	3.41746244722415	8d1e7ea2-26e3-4693-ac85-0c975dac9448	2.75	5	75	26
9ced877c-497e-45b6-9549-562c758e00fa	3.37436728331254	694a4a01-56e0-494a-b030-0d2757edb4c1	1.25	5	75	26
eefed63b-8eeb-431b-bb50-63c25798ea83	3.32408882369204	694a4a01-56e0-494a-b030-0d2757edb4c1	1.25	5	75	26
64c7b186-de40-4cad-a1f6-dffe7142c990	3.08272054281302	694a4a01-56e0-494a-b030-0d2757edb4c1	1.25	5	75	26
8d1e7ea2-26e3-4693-ac85-0c975dac9448	3.04440798864905	86f75337-2fd7-4ef8-9c35-e1035f5482e4	2.75	3	100	26
8d1e7ea2-26e3-4693-ac85-0c975dac9448	3.04440798864905	8d1e7ea2-26e3-4693-ac85-0c975dac9448	2.75	5	100	26
8d1e7ea2-26e3-4693-ac85-0c975dac9448	3.04440798864905	debd54b6-d961-4098-9292-c51a80caefb2	2.5	5	75	26
bc4301e9-9b45-4464-81af-2f180218a093	2.80967977876022	debd54b6-d961-4098-9292-c51a80caefb2	2.5	5	75	26
694a4a01-56e0-494a-b030-0d2757edb4c1	3.41429835803991	64c7b186-de40-4cad-a1f6-dffe7142c990	1	5	75	27
a41e2539-2194-4da3-8618-b1f5c7410576	3.2104624178456	68171ad7-2b47-4d86-b0bc-1cd6ad9b6cba	2.75	5	75	27
a41e2539-2194-4da3-8618-b1f5c7410576	3.2104624178456	f13bb7bb-9260-4400-affa-377c7236cda2	3.25	4	75	27
9ced877c-497e-45b6-9549-562c758e00fa	3.16997758157004	64c7b186-de40-4cad-a1f6-dffe7142c990	1	5	100	27
20c132ad-0c7c-41bf-a35c-5a95fa87892a	2.93084915977485	f13bb7bb-9260-4400-affa-377c7236cda2	3.25	4	75	27
64c7b186-de40-4cad-a1f6-dffe7142c990	2.89599625558279	64c7b186-de40-4cad-a1f6-dffe7142c990	1	5	100	27
8d1e7ea2-26e3-4693-ac85-0c975dac9448	2.86000434375331	68171ad7-2b47-4d86-b0bc-1cd6ad9b6cba	2.75	5	100	27
694a4a01-56e0-494a-b030-0d2757edb4c1	3.24555191931576	694a4a01-56e0-494a-b030-0d2757edb4c1	1.25	5	100	28
9ced877c-497e-45b6-9549-562c758e00fa	3.01330632085396	694a4a01-56e0-494a-b030-0d2757edb4c1	1.25	5	75	28
eefed63b-8eeb-431b-bb50-63c25798ea83	2.96840771156578	694a4a01-56e0-494a-b030-0d2757edb4c1	1.25	5	75	28
64c7b186-de40-4cad-a1f6-dffe7142c990	2.75286609754868	694a4a01-56e0-494a-b030-0d2757edb4c1	1.25	5	75	28
0f667ec6-d35a-4ec1-945f-921a64be56a3	2.63255683964494	83bb2a15-d8bc-4265-bb49-2a018278891a	5	3.5	75	28
0f667ec6-d35a-4ec1-945f-921a64be56a3	2.63255683964494	b47e7d4f-b0ca-48f0-97c5-cf61fe21295b	4.5	2.25	75	28
0f667ec6-d35a-4ec1-945f-921a64be56a3	2.63255683964494	0f667ec6-d35a-4ec1-945f-921a64be56a3	4.75	4.25	100	28
ff492b4b-9780-4b6a-8035-afafaf1a0b7b	2.55553473081369	76a55b6c-21bd-4ce7-b9c7-dd3ae6340804	2	4.75	75	28
bc4301e9-9b45-4464-81af-2f180218a093	2.50904099310606	76a55b6c-21bd-4ce7-b9c7-dd3ae6340804	2	4.75	75	28
a41e2539-2194-4da3-8618-b1f5c7410576	2.62490747429944	a41e2539-2194-4da3-8618-b1f5c7410576	3	5	100	29
a41e2539-2194-4da3-8618-b1f5c7410576	2.62490747429944	86f75337-2fd7-4ef8-9c35-e1035f5482e4	2.75	2.5	75	29
eefed63b-8eeb-431b-bb50-63c25798ea83	2.55318843550279	3b947680-2625-4e70-a715-5acf8491b309	1.75	3.5	75	29
20c132ad-0c7c-41bf-a35c-5a95fa87892a	2.39629276549792	c86f19a7-4709-4fee-a534-cbb721186c55	3.5	2.5	100	29
8d1e7ea2-26e3-4693-ac85-0c975dac9448	2.33836930262967	a41e2539-2194-4da3-8618-b1f5c7410576	3	5	75	29
8d1e7ea2-26e3-4693-ac85-0c975dac9448	2.33836930262967	86f75337-2fd7-4ef8-9c35-e1035f5482e4	2.75	2.5	100	29
0f667ec6-d35a-4ec1-945f-921a64be56a3	2.26431620345859	b47e7d4f-b0ca-48f0-97c5-cf61fe21295b	4.5	3	75	29
ff492b4b-9780-4b6a-8035-afafaf1a0b7b	2.19806790589089	3b947680-2625-4e70-a715-5acf8491b309	1.75	3.5	100	29
694a4a01-56e0-494a-b030-0d2757edb4c1	3.1076005377911	61fdf88b-1db1-463f-baeb-848a9a1f815d	1.5	4.25	75	30
a41e2539-2194-4da3-8618-b1f5c7410576	2.9220746661255	a41e2539-2194-4da3-8618-b1f5c7410576	3	4.25	100	30
a41e2539-2194-4da3-8618-b1f5c7410576	2.9220746661255	f73b79c3-6390-4cdb-a96a-0a2fae700005	3.25	2.5	75	30
a41e2539-2194-4da3-8618-b1f5c7410576	2.9220746661255	8d1e7ea2-26e3-4693-ac85-0c975dac9448	2.75	4.75	75	30
eefed63b-8eeb-431b-bb50-63c25798ea83	2.84223627626271	61fdf88b-1db1-463f-baeb-848a9a1f815d	1.5	4.25	100	30
eefed63b-8eeb-431b-bb50-63c25798ea83	2.84223627626271	3b947680-2625-4e70-a715-5acf8491b309	1.75	3.25	75	30
20c132ad-0c7c-41bf-a35c-5a95fa87892a	2.66757836265582	f73b79c3-6390-4cdb-a96a-0a2fae700005	3.25	2.5	75	30
8d1e7ea2-26e3-4693-ac85-0c975dac9448	2.60309735339583	a41e2539-2194-4da3-8618-b1f5c7410576	3	4.25	75	30
8d1e7ea2-26e3-4693-ac85-0c975dac9448	2.60309735339583	8d1e7ea2-26e3-4693-ac85-0c975dac9448	2.75	4.75	100	30
ff492b4b-9780-4b6a-8035-afafaf1a0b7b	2.44691235978593	61fdf88b-1db1-463f-baeb-848a9a1f815d	1.5	4.25	75	30
ff492b4b-9780-4b6a-8035-afafaf1a0b7b	2.44691235978593	3b947680-2625-4e70-a715-5acf8491b309	1.75	3.25	100	30
694a4a01-56e0-494a-b030-0d2757edb4c1	3.67171327327495	694a4a01-56e0-494a-b030-0d2757edb4c1	1.25	5	100	31
a41e2539-2194-4da3-8618-b1f5c7410576	3.45250948652108	a41e2539-2194-4da3-8618-b1f5c7410576	3	5	100	31
9ced877c-497e-45b6-9549-562c758e00fa	3.40897236614762	694a4a01-56e0-494a-b030-0d2757edb4c1	1.25	5	75	31
eefed63b-8eeb-431b-bb50-63c25798ea83	3.35817829020587	694a4a01-56e0-494a-b030-0d2757edb4c1	1.25	5	75	31
64c7b186-de40-4cad-a1f6-dffe7142c990	3.11433471616033	694a4a01-56e0-494a-b030-0d2757edb4c1	1.25	5	75	31
8d1e7ea2-26e3-4693-ac85-0c975dac9448	3.07562924986442	a41e2539-2194-4da3-8618-b1f5c7410576	3	5	75	31
8d1e7ea2-26e3-4693-ac85-0c975dac9448	3.07562924986442	debd54b6-d961-4098-9292-c51a80caefb2	2.5	5	75	31
0f667ec6-d35a-4ec1-945f-921a64be56a3	2.97822808568849	b47e7d4f-b0ca-48f0-97c5-cf61fe21295b	4.5	3.5	75	31
bc4301e9-9b45-4464-81af-2f180218a093	2.83849384075885	686509c1-fdca-4255-95fa-005b4947a0d1	2.25	4.5	100	31
bc4301e9-9b45-4464-81af-2f180218a093	2.83849384075885	debd54b6-d961-4098-9292-c51a80caefb2	2.5	5	75	31
694a4a01-56e0-494a-b030-0d2757edb4c1	3.59326325809673	694a4a01-56e0-494a-b030-0d2757edb4c1	1.25	5	100	32
694a4a01-56e0-494a-b030-0d2757edb4c1	3.59326325809673	eefed63b-8eeb-431b-bb50-63c25798ea83	1.5	5	75	32
9ced877c-497e-45b6-9549-562c758e00fa	3.3361360686543	694a4a01-56e0-494a-b030-0d2757edb4c1	1.25	5	75	32
eefed63b-8eeb-431b-bb50-63c25798ea83	3.28642728820956	694a4a01-56e0-494a-b030-0d2757edb4c1	1.25	5	75	32
eefed63b-8eeb-431b-bb50-63c25798ea83	3.28642728820956	ff492b4b-9780-4b6a-8035-afafaf1a0b7b	1.75	4.75	75	32
eefed63b-8eeb-431b-bb50-63c25798ea83	3.28642728820956	eefed63b-8eeb-431b-bb50-63c25798ea83	1.5	5	100	32
64c7b186-de40-4cad-a1f6-dffe7142c990	3.04779365611969	694a4a01-56e0-494a-b030-0d2757edb4c1	1.25	5	75	32
0f667ec6-d35a-4ec1-945f-921a64be56a3	2.91459510080069	d6169755-eb0d-4ffe-8b01-397bf3e48f8b	4.5	3.5	75	32
ff492b4b-9780-4b6a-8035-afafaf1a0b7b	2.8293212477921	ff492b4b-9780-4b6a-8035-afafaf1a0b7b	1.75	4.75	100	32
ff492b4b-9780-4b6a-8035-afafaf1a0b7b	2.8293212477921	eefed63b-8eeb-431b-bb50-63c25798ea83	1.5	5	75	32
eefed63b-8eeb-431b-bb50-63c25798ea83	3.01322791170441	ff492b4b-9780-4b6a-8035-afafaf1a0b7b	1.75	5	75	33
8d1e7ea2-26e3-4693-ac85-0c975dac9448	2.75970216532886	d86aef28-5ee7-4fd9-9a9b-de8cc06c4557	2.5	3.75	75	33
0f667ec6-d35a-4ec1-945f-921a64be56a3	2.67230600227485	d232afdb-9adc-4d08-bfab-7996be42e53e	5	1.25	75	33
0f667ec6-d35a-4ec1-945f-921a64be56a3	2.67230600227485	0f667ec6-d35a-4ec1-945f-921a64be56a3	4.75	4	100	33
ff492b4b-9780-4b6a-8035-afafaf1a0b7b	2.59412092939166	ff492b4b-9780-4b6a-8035-afafaf1a0b7b	1.75	5	100	33
bc4301e9-9b45-4464-81af-2f180218a093	2.54692518265277	686509c1-fdca-4255-95fa-005b4947a0d1	2.25	5	100	33
bc4301e9-9b45-4464-81af-2f180218a093	2.54692518265277	d86aef28-5ee7-4fd9-9a9b-de8cc06c4557	2.5	3.75	75	33
a41e2539-2194-4da3-8618-b1f5c7410576	3.28323108520487	68171ad7-2b47-4d86-b0bc-1cd6ad9b6cba	2.75	3.75	75	34
a41e2539-2194-4da3-8618-b1f5c7410576	3.28323108520487	a41e2539-2194-4da3-8618-b1f5c7410576	3	4.75	100	34
20c132ad-0c7c-41bf-a35c-5a95fa87892a	2.99728009081898	20c132ad-0c7c-41bf-a35c-5a95fa87892a	3.5	5	100	34
8d1e7ea2-26e3-4693-ac85-0c975dac9448	2.92482949787912	68171ad7-2b47-4d86-b0bc-1cd6ad9b6cba	2.75	3.75	100	34
8d1e7ea2-26e3-4693-ac85-0c975dac9448	2.92482949787912	a41e2539-2194-4da3-8618-b1f5c7410576	3	4.75	75	34
8d1e7ea2-26e3-4693-ac85-0c975dac9448	2.92482949787912	debd54b6-d961-4098-9292-c51a80caefb2	2.5	4.75	75	34
0f667ec6-d35a-4ec1-945f-921a64be56a3	2.83220395466991	d6169755-eb0d-4ffe-8b01-397bf3e48f8b	4.5	3	75	34
bc4301e9-9b45-4464-81af-2f180218a093	2.69932096138974	debd54b6-d961-4098-9292-c51a80caefb2	2.5	4.75	75	34
694a4a01-56e0-494a-b030-0d2757edb4c1	3.75142497369365	64c7b186-de40-4cad-a1f6-dffe7142c990	1	5	75	35
694a4a01-56e0-494a-b030-0d2757edb4c1	3.75142497369365	694a4a01-56e0-494a-b030-0d2757edb4c1	1.25	5	100	35
694a4a01-56e0-494a-b030-0d2757edb4c1	3.75142497369365	eefed63b-8eeb-431b-bb50-63c25798ea83	1.5	5	75	35
a41e2539-2194-4da3-8618-b1f5c7410576	3.52746234028587	a41e2539-2194-4da3-8618-b1f5c7410576	3	4.75	100	35
9ced877c-497e-45b6-9549-562c758e00fa	3.48298004549657	64c7b186-de40-4cad-a1f6-dffe7142c990	1	5	100	35
9ced877c-497e-45b6-9549-562c758e00fa	3.48298004549657	694a4a01-56e0-494a-b030-0d2757edb4c1	1.25	5	75	35
eefed63b-8eeb-431b-bb50-63c25798ea83	3.43108325784315	694a4a01-56e0-494a-b030-0d2757edb4c1	1.25	5	75	35
eefed63b-8eeb-431b-bb50-63c25798ea83	3.43108325784315	ff492b4b-9780-4b6a-8035-afafaf1a0b7b	1.75	4.75	75	35
eefed63b-8eeb-431b-bb50-63c25798ea83	3.43108325784315	eefed63b-8eeb-431b-bb50-63c25798ea83	1.5	5	100	35
64c7b186-de40-4cad-a1f6-dffe7142c990	3.18194589828016	64c7b186-de40-4cad-a1f6-dffe7142c990	1	5	100	35
64c7b186-de40-4cad-a1f6-dffe7142c990	3.18194589828016	694a4a01-56e0-494a-b030-0d2757edb4c1	1.25	5	75	35
8d1e7ea2-26e3-4693-ac85-0c975dac9448	3.14240015481783	a41e2539-2194-4da3-8618-b1f5c7410576	3	4.75	75	35
ff492b4b-9780-4b6a-8035-afafaf1a0b7b	2.95385716903496	ff492b4b-9780-4b6a-8035-afafaf1a0b7b	1.75	4.75	100	35
ff492b4b-9780-4b6a-8035-afafaf1a0b7b	2.95385716903496	eefed63b-8eeb-431b-bb50-63c25798ea83	1.5	5	75	35
a41e2539-2194-4da3-8618-b1f5c7410576	3.31959853258483	f13bb7bb-9260-4400-affa-377c7236cda2	3.25	4	75	36
eefed63b-8eeb-431b-bb50-63c25798ea83	3.22889878887221	ff492b4b-9780-4b6a-8035-afafaf1a0b7b	1.75	5	75	36
20c132ad-0c7c-41bf-a35c-5a95fa87892a	3.03048012894655	f13bb7bb-9260-4400-affa-377c7236cda2	3.25	4	75	36
20c132ad-0c7c-41bf-a35c-5a95fa87892a	3.03048012894655	20c132ad-0c7c-41bf-a35c-5a95fa87892a	3.5	3.75	100	36
8d1e7ea2-26e3-4693-ac85-0c975dac9448	2.95722701940039	debd54b6-d961-4098-9292-c51a80caefb2	2.5	4.5	75	36
0f667ec6-d35a-4ec1-945f-921a64be56a3	2.86357550606527	b47e7d4f-b0ca-48f0-97c5-cf61fe21295b	4.5	4.75	75	36
ff492b4b-9780-4b6a-8035-afafaf1a0b7b	2.77979436156608	ff492b4b-9780-4b6a-8035-afafaf1a0b7b	1.75	5	100	36
bc4301e9-9b45-4464-81af-2f180218a093	2.72922059014041	debd54b6-d961-4098-9292-c51a80caefb2	2.5	4.5	75	36
694a4a01-56e0-494a-b030-0d2757edb4c1	3.4595573330075	eefed63b-8eeb-431b-bb50-63c25798ea83	1.5	5	75	37
eefed63b-8eeb-431b-bb50-63c25798ea83	3.16413877281614	eefed63b-8eeb-431b-bb50-63c25798ea83	1.5	5	100	37
20c132ad-0c7c-41bf-a35c-5a95fa87892a	2.96969967345358	52d5d688-98d5-455a-97d8-40e74216ec3f	3.75	3.75	75	37
20c132ad-0c7c-41bf-a35c-5a95fa87892a	2.96969967345358	20c132ad-0c7c-41bf-a35c-5a95fa87892a	3.5	4.5	100	37
ff492b4b-9780-4b6a-8035-afafaf1a0b7b	2.72404175188121	eefed63b-8eeb-431b-bb50-63c25798ea83	1.5	5	75	37
bc4301e9-9b45-4464-81af-2f180218a093	2.674482308305	bc4301e9-9b45-4464-81af-2f180218a093	2.25	4	100	37
bc4301e9-9b45-4464-81af-2f180218a093	2.674482308305	534235e5-91a6-4d11-b984-96ff5932c823	2.25	4.5	100	37
694a4a01-56e0-494a-b030-0d2757edb4c1	3.29317752627697	64c7b186-de40-4cad-a1f6-dffe7142c990	1	5	75	38
694a4a01-56e0-494a-b030-0d2757edb4c1	3.29317752627697	694a4a01-56e0-494a-b030-0d2757edb4c1	1.25	4.5	100	38
a41e2539-2194-4da3-8618-b1f5c7410576	3.09657258422796	86f75337-2fd7-4ef8-9c35-e1035f5482e4	2.75	4.25	75	38
9ced877c-497e-45b6-9549-562c758e00fa	3.05752392841915	64c7b186-de40-4cad-a1f6-dffe7142c990	1	5	100	38
9ced877c-497e-45b6-9549-562c758e00fa	3.05752392841915	694a4a01-56e0-494a-b030-0d2757edb4c1	1.25	4.5	75	38
eefed63b-8eeb-431b-bb50-63c25798ea83	3.01196647173952	694a4a01-56e0-494a-b030-0d2757edb4c1	1.25	4.5	75	38
64c7b186-de40-4cad-a1f6-dffe7142c990	2.79326197753206	64c7b186-de40-4cad-a1f6-dffe7142c990	1	5	100	38
64c7b186-de40-4cad-a1f6-dffe7142c990	2.79326197753206	694a4a01-56e0-494a-b030-0d2757edb4c1	1.25	4.5	75	38
8d1e7ea2-26e3-4693-ac85-0c975dac9448	2.75854686111872	d86aef28-5ee7-4fd9-9a9b-de8cc06c4557	2.5	2	75	38
8d1e7ea2-26e3-4693-ac85-0c975dac9448	2.75854686111872	86f75337-2fd7-4ef8-9c35-e1035f5482e4	2.75	4.25	100	38
ff492b4b-9780-4b6a-8035-afafaf1a0b7b	2.59303494599606	21bb91af-fb89-4f9b-a2ac-be9e84807e6d	2	4.75	75	38
bc4301e9-9b45-4464-81af-2f180218a093	2.54585895068238	21bb91af-fb89-4f9b-a2ac-be9e84807e6d	2	4.75	75	38
bc4301e9-9b45-4464-81af-2f180218a093	2.54585895068238	d86aef28-5ee7-4fd9-9a9b-de8cc06c4557	2.5	2	75	38
694a4a01-56e0-494a-b030-0d2757edb4c1	3.58779671973817	64c7b186-de40-4cad-a1f6-dffe7142c990	1	5	75	39
694a4a01-56e0-494a-b030-0d2757edb4c1	3.58779671973817	75291c0b-2d30-401a-b568-6147335d88a5	1	4.5	75	39
a41e2539-2194-4da3-8618-b1f5c7410576	3.37360279190567	86f75337-2fd7-4ef8-9c35-e1035f5482e4	2.75	4.5	75	39
9ced877c-497e-45b6-9549-562c758e00fa	3.33106068871639	64c7b186-de40-4cad-a1f6-dffe7142c990	1	5	100	39
9ced877c-497e-45b6-9549-562c758e00fa	3.33106068871639	75291c0b-2d30-401a-b568-6147335d88a5	1	4.5	100	39
64c7b186-de40-4cad-a1f6-dffe7142c990	3.04315695761397	64c7b186-de40-4cad-a1f6-dffe7142c990	1	5	100	39
64c7b186-de40-4cad-a1f6-dffe7142c990	3.04315695761397	75291c0b-2d30-401a-b568-6147335d88a5	1	4.5	100	39
8d1e7ea2-26e3-4693-ac85-0c975dac9448	3.00533609462119	86f75337-2fd7-4ef8-9c35-e1035f5482e4	2.75	4.5	100	39
bc4301e9-9b45-4464-81af-2f180218a093	2.77362037241922	686509c1-fdca-4255-95fa-005b4947a0d1	2.25	3.5	100	39
694a4a01-56e0-494a-b030-0d2757edb4c1	3.0201788081347	61fdf88b-1db1-463f-baeb-848a9a1f815d	1.5	3.75	75	40
694a4a01-56e0-494a-b030-0d2757edb4c1	3.0201788081347	75291c0b-2d30-401a-b568-6147335d88a5	1	3	75	40
a41e2539-2194-4da3-8618-b1f5c7410576	2.83987207168124	86f75337-2fd7-4ef8-9c35-e1035f5482e4	2.75	4	75	40
9ced877c-497e-45b6-9549-562c758e00fa	2.80406048319663	75291c0b-2d30-401a-b568-6147335d88a5	1	3	100	40
eefed63b-8eeb-431b-bb50-63c25798ea83	2.7622796641145	61fdf88b-1db1-463f-baeb-848a9a1f815d	1.5	3.75	100	40
20c132ad-0c7c-41bf-a35c-5a95fa87892a	2.59253515472708	20c132ad-0c7c-41bf-a35c-5a95fa87892a	3.5	3.25	100	40
64c7b186-de40-4cad-a1f6-dffe7142c990	2.56170538966165	75291c0b-2d30-401a-b568-6147335d88a5	1	3	100	40
8d1e7ea2-26e3-4693-ac85-0c975dac9448	2.52986809904465	86f75337-2fd7-4ef8-9c35-e1035f5482e4	2.75	4	100	40
0f667ec6-d35a-4ec1-945f-921a64be56a3	2.44975047897435	b47e7d4f-b0ca-48f0-97c5-cf61fe21295b	4.5	5	75	40
ff492b4b-9780-4b6a-8035-afafaf1a0b7b	2.37807683528449	61fdf88b-1db1-463f-baeb-848a9a1f815d	1.5	3.75	75	40
694a4a01-56e0-494a-b030-0d2757edb4c1	4.8078016824878	64c7b186-de40-4cad-a1f6-dffe7142c990	1	5	75	41
694a4a01-56e0-494a-b030-0d2757edb4c1	4.8078016824878	61fdf88b-1db1-463f-baeb-848a9a1f815d	1.5	4.75	75	41
694a4a01-56e0-494a-b030-0d2757edb4c1	4.8078016824878	694a4a01-56e0-494a-b030-0d2757edb4c1	1.25	5	100	41
694a4a01-56e0-494a-b030-0d2757edb4c1	4.8078016824878	9ced877c-497e-45b6-9549-562c758e00fa	1	5	75	41
694a4a01-56e0-494a-b030-0d2757edb4c1	4.8078016824878	75291c0b-2d30-401a-b568-6147335d88a5	1	5	75	41
694a4a01-56e0-494a-b030-0d2757edb4c1	4.8078016824878	eefed63b-8eeb-431b-bb50-63c25798ea83	1.5	4	75	41
a41e2539-2194-4da3-8618-b1f5c7410576	4.52077264076665	68171ad7-2b47-4d86-b0bc-1cd6ad9b6cba	2.75	4	75	41
a41e2539-2194-4da3-8618-b1f5c7410576	4.52077264076665	a41e2539-2194-4da3-8618-b1f5c7410576	3	5	100	41
a41e2539-2194-4da3-8618-b1f5c7410576	4.52077264076665	f73b79c3-6390-4cdb-a96a-0a2fae700005	3.25	1.5	75	41
a41e2539-2194-4da3-8618-b1f5c7410576	4.52077264076665	f13bb7bb-9260-4400-affa-377c7236cda2	3.25	4.5	75	41
a41e2539-2194-4da3-8618-b1f5c7410576	4.52077264076665	86f75337-2fd7-4ef8-9c35-e1035f5482e4	2.75	4	75	41
a41e2539-2194-4da3-8618-b1f5c7410576	4.52077264076665	8d1e7ea2-26e3-4693-ac85-0c975dac9448	2.75	4.75	75	41
9ced877c-497e-45b6-9549-562c758e00fa	4.46376442461841	64c7b186-de40-4cad-a1f6-dffe7142c990	1	5	100	41
9ced877c-497e-45b6-9549-562c758e00fa	4.46376442461841	694a4a01-56e0-494a-b030-0d2757edb4c1	1.25	5	75	41
9ced877c-497e-45b6-9549-562c758e00fa	4.46376442461841	9ced877c-497e-45b6-9549-562c758e00fa	1	5	100	41
9ced877c-497e-45b6-9549-562c758e00fa	4.46376442461841	75291c0b-2d30-401a-b568-6147335d88a5	1	5	100	41
eefed63b-8eeb-431b-bb50-63c25798ea83	4.39725382303689	61fdf88b-1db1-463f-baeb-848a9a1f815d	1.5	4.75	100	41
eefed63b-8eeb-431b-bb50-63c25798ea83	4.39725382303689	3b947680-2625-4e70-a715-5acf8491b309	1.75	5	75	41
eefed63b-8eeb-431b-bb50-63c25798ea83	4.39725382303689	694a4a01-56e0-494a-b030-0d2757edb4c1	1.25	5	75	41
eefed63b-8eeb-431b-bb50-63c25798ea83	4.39725382303689	ff492b4b-9780-4b6a-8035-afafaf1a0b7b	1.75	4.25	75	41
eefed63b-8eeb-431b-bb50-63c25798ea83	4.39725382303689	eefed63b-8eeb-431b-bb50-63c25798ea83	1.5	4	100	41
20c132ad-0c7c-41bf-a35c-5a95fa87892a	4.12703871831456	52d5d688-98d5-455a-97d8-40e74216ec3f	3.75	3	75	41
20c132ad-0c7c-41bf-a35c-5a95fa87892a	4.12703871831456	f73b79c3-6390-4cdb-a96a-0a2fae700005	3.25	1.5	75	41
20c132ad-0c7c-41bf-a35c-5a95fa87892a	4.12703871831456	f13bb7bb-9260-4400-affa-377c7236cda2	3.25	4.5	75	41
20c132ad-0c7c-41bf-a35c-5a95fa87892a	4.12703871831456	20c132ad-0c7c-41bf-a35c-5a95fa87892a	3.5	2.75	100	41
20c132ad-0c7c-41bf-a35c-5a95fa87892a	4.12703871831456	37b95289-ea7b-4686-b2d2-7ab47fe22aec	3.75	3.5	75	41
20c132ad-0c7c-41bf-a35c-5a95fa87892a	4.12703871831456	c86f19a7-4709-4fee-a534-cbb721186c55	3.5	4	100	41
64c7b186-de40-4cad-a1f6-dffe7142c990	4.07796103020876	64c7b186-de40-4cad-a1f6-dffe7142c990	1	5	100	41
64c7b186-de40-4cad-a1f6-dffe7142c990	4.07796103020876	694a4a01-56e0-494a-b030-0d2757edb4c1	1.25	5	75	41
64c7b186-de40-4cad-a1f6-dffe7142c990	4.07796103020876	9ced877c-497e-45b6-9549-562c758e00fa	1	5	100	41
64c7b186-de40-4cad-a1f6-dffe7142c990	4.07796103020876	75291c0b-2d30-401a-b568-6147335d88a5	1	5	100	41
8d1e7ea2-26e3-4693-ac85-0c975dac9448	4.02727946733512	68171ad7-2b47-4d86-b0bc-1cd6ad9b6cba	2.75	4	100	41
8d1e7ea2-26e3-4693-ac85-0c975dac9448	4.02727946733512	a41e2539-2194-4da3-8618-b1f5c7410576	3	5	75	41
8d1e7ea2-26e3-4693-ac85-0c975dac9448	4.02727946733512	d86aef28-5ee7-4fd9-9a9b-de8cc06c4557	2.5	4.25	75	41
8d1e7ea2-26e3-4693-ac85-0c975dac9448	4.02727946733512	86f75337-2fd7-4ef8-9c35-e1035f5482e4	2.75	4	100	41
8d1e7ea2-26e3-4693-ac85-0c975dac9448	4.02727946733512	8d1e7ea2-26e3-4693-ac85-0c975dac9448	2.75	4.75	100	41
8d1e7ea2-26e3-4693-ac85-0c975dac9448	4.02727946733512	debd54b6-d961-4098-9292-c51a80caefb2	2.5	1	75	41
0f667ec6-d35a-4ec1-945f-921a64be56a3	3.89974078683883	83bb2a15-d8bc-4265-bb49-2a018278891a	5	3.5	75	41
0f667ec6-d35a-4ec1-945f-921a64be56a3	3.89974078683883	b47e7d4f-b0ca-48f0-97c5-cf61fe21295b	4.5	1	75	41
0f667ec6-d35a-4ec1-945f-921a64be56a3	3.89974078683883	10a30e85-8a3e-44fb-abba-fd62244ea179	4.75	2.5	100	41
0f667ec6-d35a-4ec1-945f-921a64be56a3	3.89974078683883	d232afdb-9adc-4d08-bfab-7996be42e53e	5	1	75	41
0f667ec6-d35a-4ec1-945f-921a64be56a3	3.89974078683883	d6169755-eb0d-4ffe-8b01-397bf3e48f8b	4.5	2.75	75	41
0f667ec6-d35a-4ec1-945f-921a64be56a3	3.89974078683883	0f667ec6-d35a-4ec1-945f-921a64be56a3	4.75	2.25	100	41
0f667ec6-d35a-4ec1-945f-921a64be56a3	3.89974078683883	c9dee854-7133-47fe-842d-ea4ecc47f8d9	5	2.75	75	41
ff492b4b-9780-4b6a-8035-afafaf1a0b7b	3.78564400657729	21bb91af-fb89-4f9b-a2ac-be9e84807e6d	2	3	75	41
ff492b4b-9780-4b6a-8035-afafaf1a0b7b	3.78564400657729	61fdf88b-1db1-463f-baeb-848a9a1f815d	1.5	4.75	75	41
ff492b4b-9780-4b6a-8035-afafaf1a0b7b	3.78564400657729	3b947680-2625-4e70-a715-5acf8491b309	1.75	5	100	41
ff492b4b-9780-4b6a-8035-afafaf1a0b7b	3.78564400657729	ff492b4b-9780-4b6a-8035-afafaf1a0b7b	1.75	4.25	100	41
ff492b4b-9780-4b6a-8035-afafaf1a0b7b	3.78564400657729	76a55b6c-21bd-4ce7-b9c7-dd3ae6340804	2	5	75	41
ff492b4b-9780-4b6a-8035-afafaf1a0b7b	3.78564400657729	eefed63b-8eeb-431b-bb50-63c25798ea83	1.5	4	75	41
bc4301e9-9b45-4464-81af-2f180218a093	3.71677046171739	686509c1-fdca-4255-95fa-005b4947a0d1	2.25	3.75	100	41
bc4301e9-9b45-4464-81af-2f180218a093	3.71677046171739	bc4301e9-9b45-4464-81af-2f180218a093	2.25	5	100	41
bc4301e9-9b45-4464-81af-2f180218a093	3.71677046171739	21bb91af-fb89-4f9b-a2ac-be9e84807e6d	2	3	75	41
bc4301e9-9b45-4464-81af-2f180218a093	3.71677046171739	d86aef28-5ee7-4fd9-9a9b-de8cc06c4557	2.5	4.25	75	41
bc4301e9-9b45-4464-81af-2f180218a093	3.71677046171739	534235e5-91a6-4d11-b984-96ff5932c823	2.25	2.75	100	41
bc4301e9-9b45-4464-81af-2f180218a093	3.71677046171739	79d48cba-971b-453e-8c5c-8c2bcade78a0	2.25	3.75	100	41
bc4301e9-9b45-4464-81af-2f180218a093	3.71677046171739	76a55b6c-21bd-4ce7-b9c7-dd3ae6340804	2	5	75	41
bc4301e9-9b45-4464-81af-2f180218a093	3.71677046171739	debd54b6-d961-4098-9292-c51a80caefb2	2.5	1	75	41
